[ 0.         -0.383815   -0.47919391  0.02515418  0.70746547],[ 0.383815    0.         -0.43895107 -1.21329664 -0.84002489],[ 0.47919391  0.43895107  0.          0.48658141 -0.3804016 ],[-0.02515418  1.21329664 -0.48658141  0.         -0.1767749 ],[-0.70746547  0.84002489  0.3804016   0.1767749   0.        ]
[ 3.56109502 -1.2327607  -0.66642944  0.41637869 -1.48571105],[-1.2327607   1.59692819 -0.96284365  0.09354717  0.21347496],[-0.66642944 -0.96284365  5.03653016 -0.24993775 -0.13828785],[ 0.41637869  0.09354717 -0.24993775  1.79143393 -0.91370094],[-1.48571105  0.21347496 -0.13828785 -0.91370094  3.41473728]
[ 6.71139354 -0.27271006 -1.14647319 -2.29990039 -2.36538418],[-0.27271006  3.92902803  0.28213893 -1.07375581 -2.03742581],[-1.14647319  0.28213893  6.73185128 -1.33130884 -2.81247665],[-2.29990039 -1.07375581 -1.33130884  5.29159121  0.87902784],[-2.36538418 -2.03742581 -2.81247665  0.87902784  5.48041512]
