iteration,time,cost,distance,residual,gradnorm,complviolation,dualviolation,manviolation,maxviolation,meanviolation,rho,maxabsLagmult
0,0.0,0.7926849022663821,1.7694043397697121e-15,3.9503484680392105,3.1275239831368387,2.413264750052017,0.0,0.0,0.0,0.0,1.0,1.0
1,0.47707271575927734,0.7874486475754843,0.2780247308189783,0.7427056648293751,0.025613308108538426,0.7398925296563654,0.0,0.0,0.05678455861471504,0.0046137779117118895,1.0,1.056784558614715
2,0.7862610816955566,0.7790259588192968,0.8812225198580698,0.5598599475369386,0.03824165639787852,0.3341581771683663,0.0,0.0,0.33344513174011453,0.03949983084697826,3.3333333333333335,0.6234984700066415
3,0.9780368804931641,0.7760306266271328,0.7411505034829543,0.07799696330301391,0.07794213455623485,0.0018782766612998056,0.0,0.0,0.002240986856966831,0.00014006167856042695,3.3333333333333335,0.03861762566461217
4,1.1386497020721436,0.7438906870355215,0.9132160551799418,0.05723915407619167,0.05723915407619167,0.0,0.0,0.0,0.0,0.0,3.3333333333333335,0.0
5,1.3224577903747559,0.7189023319726404,0.5083518451450537,0.1293157109378648,0.12921335959110175,5.3169528847783144e-05,0.0,0.0,0.003601593458912755,0.0006362368308581159,3.3333333333333335,0.012005311529709184
6,1.5374574661254883,0.7146193360272751,0.10107513965092568,0.12414445652696397,0.12407454808579316,5.783398186688258e-05,0.0,0.0,0.004165244159949344,0.000260327759996834,11.111111111111112,0.013884147199831148
7,1.7467546463012695,0.71328562408417,0.031883639412995705,0.13266472900409032,0.1326560040456132,1.7788567288601944e-05,0.0,0.0,0.0010732889663565004,0.00015438293959990808,11.111111111111112,0.011925432959516672
8,1.9643149375915527,0.7123077147926273,0.02524190961712591,0.08821269623331131,0.0882119399187962,4.116330909070259e-06,0.0,0.0,0.00033818227031567893,2.9762370328700882e-05,11.111111111111112,0.00814569306359678
9,2.1896214485168457,0.7115378237277128,0.020267701682198734,0.04052730009094325,0.04052643959669372,1.8955985510578331e-06,0.0,0.0,0.00026408840112801535,1.650552507050096e-05,11.111111111111112,0.0035133358950359093
10,2.405609130859375,0.7107614513204255,0.021078133269046645,0.05834952197133756,0.058349513932532474,1.9870954258431318e-07,0.0,0.0,3.0628113192321393e-05,1.914257074520087e-06,11.111111111111112,0.002566409548735808
11,2.6302106380462646,0.7100333257437934,0.0203085182246771,0.057794273376481804,0.057794248965094615,1.6767723455955624e-07,0.0,0.0,5.311918728589937e-05,3.3199492053687107e-06,11.111111111111112,0.0031566227408013564
12,2.8620145320892334,0.7094479770440162,0.016596295023896982,0.054103391139163334,0.0541002699879096,2.146971086351899e-06,0.0,0.0,0.00038687811090776236,7.332687764381989e-05,37.037037037037045,0.004298645676752916
13,3.121671676635742,0.7093931527653002,0.0018043198448537212,0.04871353760311388,0.04871342028778642,4.161488668758753e-07,0.0,0.0,0.0001026458321322643,8.362799975334713e-06,37.037037037037045,0.0038016974863801603
14,3.3866069316864014,0.7093288902317235,0.0020004540573017766,0.057432725102010605,0.057432723432903676,4.334108216802891e-08,0.0,0.0,1.0477580262291397e-05,1.5352591431969098e-06,37.037037037037045,0.004063782787064217
15,3.661846876144409,0.7092650493450571,0.0019932760936193445,0.09313004094462053,0.0931298950332382,1.2848640429828479e-06,0.0,0.0,0.00016427983999678375,1.1496946693407423e-05,123.45679012345683,0.00781659279616894
16,3.9377596378326416,0.7092489826346153,0.0005039932924210646,0.08349997231854003,0.08349995741160485,2.52194021262315e-07,0.0,0.0,4.379349789873643e-05,4.375344494378375e-06,123.45679012345683,0.005406604678856351
17,4.214338779449463,0.7092321441183721,0.0005255947705755107,0.08230916874144273,0.08230916874126415,4.843766659613768e-09,0.0,0.0,1.7139071917249282e-07,1.0711919948280801e-08,123.45679012345683,0.005293827777061068
18,4.494589328765869,0.7092147682159742,0.0005448759052371342,0.06168855021389738,0.06168854063664283,1.752876761689288e-07,0.0,0.0,3.427262509902995e-05,2.368638660960043e-06,411.5226337448561,0.005086327395245309
19,4.778746843338013,0.7092101838727041,0.0001439035360702698,0.05357938513153212,0.05357938512665131,7.654354485130916e-09,0.0,0.0,6.986205363102016e-07,5.871905718515119e-08,411.5226337448561,0.004374055359654304
20,5.057104587554932,0.7092041636630997,0.00018867729391332976,0.06524211417540554,0.06524211320373303,5.05102486250733e-08,0.0,0.0,1.077668366078477e-05,9.052400962404616e-07,1371.7421124828536,0.004506727354951447
21,5.333988428115845,0.7092026486018884,4.773653980450806e-05,0.08026157589809808,0.08026157580768054,2.5523166206544418e-08,0.0,0.0,3.796819160628573e-06,2.639762820555447e-07,1371.7421124828536,0.006714959520002105
22,5.612478494644165,0.7092011845291866,4.6056300621694165e-05,0.04268869095458169,0.042688690864078525,1.1459943348797412e-08,0.0,0.0,2.420418713344752e-06,2.4679575881536575e-07,4572.4737082761785,0.0034876902072156824
23,5.88779354095459,0.7092007300517535,1.4172554861002756e-05,0.06891550410215147,0.0689155040982339,4.212656425588081e-09,0.0,0.0,7.323537936088087e-07,5.0914838557042374e-08,4572.4737082761785,0.005735710099233864
24,6.16925311088562,0.7092002476898508,1.5155668611258078e-05,0.0325490654290587,0.03254906542383161,2.2410791770438248e-09,0.0,0.0,5.151065041175684e-07,5.065552349629854e-08,15241.579027587262,0.0035097175274872872
25,6.44753885269165,0.709200100110725,4.621274228979061e-06,0.07552596022409233,0.07552596022379132,1.3393742727514603e-09,0.0,0.0,2.1249004467094323e-07,1.4807910935638047e-08,15241.579027587262,0.00629282186962345
26,6.724532604217529,0.7091999633483858,4.3010807115554565e-06,0.07333959333797181,0.07333959333797127,6.590877630006043e-11,0.0,0.0,8.853701105593359e-09,5.98563939732677e-10,15241.579027587262,0.0061297502168783735
27,6.999169111251831,0.7091998090942064,4.84376828661911e-06,0.07436229656859515,0.07436229656859507,1.4197464863141348e-11,0.0,0.0,2.709420465762946e-09,4.1706121282208963e-10,50805.263425290876,0.006161321220035728
28,7.002442121505737,0.7091998090942064,1.8410966031475736e-15,0.07792863673075325,0.07792863673075316,1.3480328933684635e-11,0.0,0.0,2.709420465762946e-09,4.1706121282208963e-10,169350.87808430294,0.00626655789722691
29,7.0055999755859375,0.7091998090942064,1.8410966031475736e-15,0.0816770840383121,0.08167708403831202,1.4413954717879272e-11,0.0,0.0,2.709420465762946e-09,4.1706121282208963e-10,169350.87808430294,0.006617346821197516
30,7.008750915527344,0.7091998090942064,1.8410966031475736e-15,0.0854978193208935,0.08549781932089343,1.5428400278694922e-11,0.0,0.0,2.709420465762946e-09,4.1706121282208963e-10,564502.9269476765,0.006968135745168122
31,7.011914253234863,0.7091998090942064,1.8410966031475736e-15,0.09896474041253124,0.09896474041253117,1.9220186913522995e-11,0.0,0.0,2.709420465762946e-09,4.1706121282208963e-10,1881676.4231589215,0.008137432158403474
32,7.01506495475769,0.7091998090942064,1.8410966031475736e-15,0.14838927176703523,0.14838927176703517,3.385097825509726e-11,0.0,0.0,2.709420465762946e-09,4.1706121282208963e-10,6272254.743863072,0.012035086869187982
33,7.018208265304565,0.7091998090942064,1.8410966031475736e-15,0.32650048528093695,0.32650048528093695,8.657761919832688e-11,0.0,0.0,2.709420465762946e-09,4.1706121282208963e-10,20907515.81287691,0.025117284339035754
34,7.02137303352356,0.7091998090942064,1.8410966031475736e-15,0.9357183343112192,0.9357183343112192,2.654367847476917e-10,0.0,0.0,2.709420465762946e-09,4.1706121282208963e-10,69691719.37625638,0.08176453557070687
35,7.024538993835449,0.7091998090942064,1.8410966031475736e-15,2.9749198438412088,2.9749198438412088,8.62969166406526e-10,0.0,0.0,2.709420465762946e-09,4.1706121282208963e-10,232305731.25418794,0.27058870634294396
36,7.027798175811768,0.7091998090942064,1.8410966031475736e-15,9.775391782417811,9.775391782417811,2.8551926107510856e-09,0.0,0.0,2.709420465762946e-09,4.1706121282208963e-10,774352437.5139599,0.9000026089170676
37,7.0319602489471436,0.7091998090942064,1.8410966031475736e-15,32.44463524115169,32.44463524115169,9.496076791544324e-09,0.0,0.0,2.709420465762946e-09,4.1706121282208963e-10,2581174791.7131996,2.9980489508308135
38,7.035163879394531,0.7091998090942064,1.8410966031475736e-15,108.00908724560885,108.00908724560885,3.163239963849695e-08,0.0,0.0,2.709420465762946e-09,4.1706121282208963e-10,8603915972.377333,9.991536757209966
39,7.038440942764282,0.7091998090942064,1.8410966031475736e-15,286.3747155666845,286.3747155666845,6.958137038888562e-08,0.0,0.0,2.709420465762946e-09,4.1706121282208963e-10,28679719907.924442,20.0
40,7.0416364669799805,0.7091998090942064,1.8410966031475736e-15,387.2610859557499,387.2610859557499,7.219730931175723e-08,0.0,0.0,2.709420465762946e-09,4.1706121282208963e-10,95599066359.74814,20.0
41,7.044794797897339,0.7091998090942064,1.8410966031475736e-15,414.81173025956156,414.81173025956156,7.236190793361318e-08,0.0,0.0,2.709420465762946e-09,4.1706121282208963e-10,318663554532.49384,20.0
42,7.047937631607056,0.7091998090942064,1.8410966031475736e-15,414.81173025956156,414.81173025956156,7.236190793361318e-08,0.0,0.0,2.709420465762946e-09,4.1706121282208963e-10,1062211848441.6461,20.0
43,7.051073789596558,0.7091998090942064,1.8410966031475736e-15,414.81173025956156,414.81173025956156,7.236190793361318e-08,0.0,0.0,2.709420465762946e-09,4.1706121282208963e-10,3540706161472.154,20.0
44,7.054241418838501,0.7091998090942064,1.8410966031475736e-15,414.81173025956156,414.81173025956156,7.236190793361318e-08,0.0,0.0,2.709420465762946e-09,4.1706121282208963e-10,11802353871573.846,20.0
45,7.057394504547119,0.7091998090942064,1.8410966031475736e-15,414.81173025956156,414.81173025956156,7.236190793361318e-08,0.0,0.0,2.709420465762946e-09,4.1706121282208963e-10,39341179571912.82,20.0
46,7.060530185699463,0.7091998090942064,1.8410966031475736e-15,414.81173025956156,414.81173025956156,7.236190793361318e-08,0.0,0.0,2.709420465762946e-09,4.1706121282208963e-10,131137265239709.4,20.0
47,7.0636701583862305,0.7091998090942064,1.8410966031475736e-15,414.81173025956156,414.81173025956156,7.236190793361318e-08,0.0,0.0,2.709420465762946e-09,4.1706121282208963e-10,437124217465698.06,20.0
48,7.066826581954956,0.7091998090942064,1.8410966031475736e-15,414.81173025956156,414.81173025956156,7.236190793361318e-08,0.0,0.0,2.709420465762946e-09,4.1706121282208963e-10,1457080724885660.2,20.0
49,7.069971323013306,0.7091998090942064,1.8410966031475736e-15,414.81173025956156,414.81173025956156,7.236190793361318e-08,0.0,0.0,2.709420465762946e-09,4.1706121282208963e-10,4856935749618868.0,20.0
50,7.073115348815918,0.7091998090942064,1.8410966031475736e-15,414.81173025956156,414.81173025956156,7.236190793361318e-08,0.0,0.0,2.709420465762946e-09,4.1706121282208963e-10,1.6189785832062894e+16,20.0
51,7.076263666152954,0.7091998090942064,1.8410966031475736e-15,414.81173025956156,414.81173025956156,7.236190793361318e-08,0.0,0.0,2.709420465762946e-09,4.1706121282208963e-10,5.3965952773542984e+16,20.0
52,7.079394817352295,0.7091998090942064,1.8410966031475736e-15,414.81173025956156,414.81173025956156,7.236190793361318e-08,0.0,0.0,2.709420465762946e-09,4.1706121282208963e-10,1.798865092451433e+17,20.0
53,7.082549333572388,0.7091998090942064,1.8410966031475736e-15,414.81173025956156,414.81173025956156,7.236190793361318e-08,0.0,0.0,2.709420465762946e-09,4.1706121282208963e-10,5.996216974838111e+17,20.0
54,7.085702657699585,0.7091998090942064,1.8410966031475736e-15,414.81173025956156,414.81173025956156,7.236190793361318e-08,0.0,0.0,2.709420465762946e-09,4.1706121282208963e-10,1.9987389916127037e+18,20.0
55,7.088846206665039,0.7091998090942064,1.8410966031475736e-15,414.81173025956156,414.81173025956156,7.236190793361318e-08,0.0,0.0,2.709420465762946e-09,4.1706121282208963e-10,6.662463305375679e+18,20.0
56,7.092137098312378,0.7091998090942064,1.8410966031475736e-15,414.81173025956156,414.81173025956156,7.236190793361318e-08,0.0,0.0,2.709420465762946e-09,4.1706121282208963e-10,2.220821101791893e+19,20.0
57,7.09528923034668,0.7091998090942064,1.8410966031475736e-15,414.81173025956156,414.81173025956156,7.236190793361318e-08,0.0,0.0,2.709420465762946e-09,4.1706121282208963e-10,7.402737005972978e+19,20.0
58,7.098430633544922,0.7091998090942064,1.8410966031475736e-15,414.81173025956156,414.81173025956156,7.236190793361318e-08,0.0,0.0,2.709420465762946e-09,4.1706121282208963e-10,2.4675790019909927e+20,20.0
59,7.101564168930054,0.7091998090942064,1.8410966031475736e-15,414.81173025956156,414.81173025956156,7.236190793361318e-08,0.0,0.0,2.709420465762946e-09,4.1706121282208963e-10,8.225263339969975e+20,20.0
60,7.104707956314087,0.7091998090942064,1.8410966031475736e-15,414.81173025956156,414.81173025956156,7.236190793361318e-08,0.0,0.0,2.709420465762946e-09,4.1706121282208963e-10,2.7417544466566585e+21,20.0
61,7.107834815979004,0.7091998090942064,1.8410966031475736e-15,414.81173025956156,414.81173025956156,7.236190793361318e-08,0.0,0.0,2.709420465762946e-09,4.1706121282208963e-10,9.139181488855528e+21,20.0
62,7.110975503921509,0.7091998090942064,1.8410966031475736e-15,414.81173025956156,414.81173025956156,7.236190793361318e-08,0.0,0.0,2.709420465762946e-09,4.1706121282208963e-10,3.0463938296185094e+22,20.0
63,7.114175319671631,0.7091998090942064,1.8410966031475736e-15,414.81173025956156,414.81173025956156,7.236190793361318e-08,0.0,0.0,2.709420465762946e-09,4.1706121282208963e-10,1.0154646098728364e+23,20.0
64,7.117364406585693,0.7091998090942064,1.8410966031475736e-15,414.81173025956156,414.81173025956156,7.236190793361318e-08,0.0,0.0,2.709420465762946e-09,4.1706121282208963e-10,3.384882032909455e+23,20.0
65,7.1205456256866455,0.7091998090942064,1.8410966031475736e-15,414.81173025956156,414.81173025956156,7.236190793361318e-08,0.0,0.0,2.709420465762946e-09,4.1706121282208963e-10,1.1282940109698184e+24,20.0
66,7.123704433441162,0.7091998090942064,1.8410966031475736e-15,414.81173025956156,414.81173025956156,7.236190793361318e-08,0.0,0.0,2.709420465762946e-09,4.1706121282208963e-10,3.7609800365660616e+24,20.0
67,7.1268696784973145,0.7091998090942064,1.8410966031475736e-15,414.81173025956156,414.81173025956156,7.236190793361318e-08,0.0,0.0,2.709420465762946e-09,4.1706121282208963e-10,1.2536600121886873e+25,20.0
68,7.130043029785156,0.7091998090942064,1.8410966031475736e-15,414.81173025956156,414.81173025956156,7.236190793361318e-08,0.0,0.0,2.709420465762946e-09,4.1706121282208963e-10,4.178866707295624e+25,20.0
69,7.133198022842407,0.7091998090942064,1.8410966031475736e-15,414.81173025956156,414.81173025956156,7.236190793361318e-08,0.0,0.0,2.709420465762946e-09,4.1706121282208963e-10,1.3929555690985415e+26,20.0
70,7.136356353759766,0.7091998090942064,1.8410966031475736e-15,414.81173025956156,414.81173025956156,7.236190793361318e-08,0.0,0.0,2.709420465762946e-09,4.1706121282208963e-10,4.643185230328472e+26,20.0
71,7.139517307281494,0.7091998090942064,1.8410966031475736e-15,414.81173025956156,414.81173025956156,7.236190793361318e-08,0.0,0.0,2.709420465762946e-09,4.1706121282208963e-10,1.5477284101094908e+27,20.0
72,7.14266037940979,0.7091998090942064,1.8410966031475736e-15,414.81173025956156,414.81173025956156,7.236190793361318e-08,0.0,0.0,2.709420465762946e-09,4.1706121282208963e-10,5.15909470036497e+27,20.0
73,7.1458189487457275,0.7091998090942064,1.8410966031475736e-15,414.81173025956156,414.81173025956156,7.236190793361318e-08,0.0,0.0,2.709420465762946e-09,4.1706121282208963e-10,1.7196982334549902e+28,20.0
74,7.148992300033569,0.7091998090942064,1.8410966031475736e-15,414.81173025956156,414.81173025956156,7.236190793361318e-08,0.0,0.0,2.709420465762946e-09,4.1706121282208963e-10,5.732327444849967e+28,20.0
75,7.152162313461304,0.7091998090942064,1.8410966031475736e-15,414.81173025956156,414.81173025956156,7.236190793361318e-08,0.0,0.0,2.709420465762946e-09,4.1706121282208963e-10,1.9107758149499892e+29,20.0
76,7.155317783355713,0.7091998090942064,1.8410966031475736e-15,414.81173025956156,414.81173025956156,7.236190793361318e-08,0.0,0.0,2.709420465762946e-09,4.1706121282208963e-10,6.369252716499964e+29,20.0
77,7.158487796783447,0.7091998090942064,1.8410966031475736e-15,414.81173025956156,414.81173025956156,7.236190793361318e-08,0.0,0.0,2.709420465762946e-09,4.1706121282208963e-10,2.1230842388333212e+30,20.0
78,7.161624431610107,0.7091998090942064,1.8410966031475736e-15,414.81173025956156,414.81173025956156,7.236190793361318e-08,0.0,0.0,2.709420465762946e-09,4.1706121282208963e-10,7.076947462777738e+30,20.0
79,7.1647889614105225,0.7091998090942064,1.8410966031475736e-15,414.81173025956156,414.81173025956156,7.236190793361318e-08,0.0,0.0,2.709420465762946e-09,4.1706121282208963e-10,2.3589824875925796e+31,20.0
80,7.167955636978149,0.7091998090942064,1.8410966031475736e-15,414.81173025956156,414.81173025956156,7.236190793361318e-08,0.0,0.0,2.709420465762946e-09,4.1706121282208963e-10,7.8632749586419325e+31,20.0
81,7.171132326126099,0.7091998090942064,1.8410966031475736e-15,414.81173025956156,414.81173025956156,7.236190793361318e-08,0.0,0.0,2.709420465762946e-09,4.1706121282208963e-10,2.621091652880644e+32,20.0
82,7.17429256439209,0.7091998090942064,1.8410966031475736e-15,414.81173025956156,414.81173025956156,7.236190793361318e-08,0.0,0.0,2.709420465762946e-09,4.1706121282208963e-10,8.736972176268813e+32,20.0
83,7.177464723587036,0.7091998090942064,1.8410966031475736e-15,414.81173025956156,414.81173025956156,7.236190793361318e-08,0.0,0.0,2.709420465762946e-09,4.1706121282208963e-10,2.9123240587562713e+33,20.0
84,7.180618524551392,0.7091998090942064,1.8410966031475736e-15,414.81173025956156,414.81173025956156,7.236190793361318e-08,0.0,0.0,2.709420465762946e-09,4.1706121282208963e-10,9.707746862520905e+33,20.0
85,7.183780193328857,0.7091998090942064,1.8410966031475736e-15,414.81173025956156,414.81173025956156,7.236190793361318e-08,0.0,0.0,2.709420465762946e-09,4.1706121282208963e-10,3.2359156208403017e+34,20.0
86,7.186935186386108,0.7091998090942064,1.8410966031475736e-15,414.81173025956156,414.81173025956156,7.236190793361318e-08,0.0,0.0,2.709420465762946e-09,4.1706121282208963e-10,1.0786385402801006e+35,20.0
87,7.190082788467407,0.7091998090942064,1.8410966031475736e-15,414.81173025956156,414.81173025956156,7.236190793361318e-08,0.0,0.0,2.709420465762946e-09,4.1706121282208963e-10,3.595461800933669e+35,20.0
88,7.193240642547607,0.7091998090942064,1.8410966031475736e-15,414.81173025956156,414.81173025956156,7.236190793361318e-08,0.0,0.0,2.709420465762946e-09,4.1706121282208963e-10,1.1984872669778897e+36,20.0
89,7.1964192390441895,0.7091998090942064,1.8410966031475736e-15,414.81173025956156,414.81173025956156,7.236190793361318e-08,0.0,0.0,2.709420465762946e-09,4.1706121282208963e-10,3.9949575565929656e+36,20.0
90,7.199580192565918,0.7091998090942064,1.8410966031475736e-15,414.81173025956156,414.81173025956156,7.236190793361318e-08,0.0,0.0,2.709420465762946e-09,4.1706121282208963e-10,1.331652518864322e+37,20.0
91,7.202742099761963,0.7091998090942064,1.8410966031475736e-15,414.81173025956156,414.81173025956156,7.236190793361318e-08,0.0,0.0,2.709420465762946e-09,4.1706121282208963e-10,4.43884172954774e+37,20.0
92,7.205895185470581,0.7091998090942064,1.8410966031475736e-15,414.81173025956156,414.81173025956156,7.236190793361318e-08,0.0,0.0,2.709420465762946e-09,4.1706121282208963e-10,1.4796139098492469e+38,20.0
93,7.209074258804321,0.7091998090942064,1.8410966031475736e-15,414.81173025956156,414.81173025956156,7.236190793361318e-08,0.0,0.0,2.709420465762946e-09,4.1706121282208963e-10,4.9320463661641566e+38,20.0
94,7.212220191955566,0.7091998090942064,1.8410966031475736e-15,414.81173025956156,414.81173025956156,7.236190793361318e-08,0.0,0.0,2.709420465762946e-09,4.1706121282208963e-10,1.6440154553880522e+39,20.0
95,7.21541166305542,0.7091998090942064,1.8410966031475736e-15,414.81173025956156,414.81173025956156,7.236190793361318e-08,0.0,0.0,2.709420465762946e-09,4.1706121282208963e-10,5.480051517960174e+39,20.0
96,7.218562364578247,0.7091998090942064,1.8410966031475736e-15,414.81173025956156,414.81173025956156,7.236190793361318e-08,0.0,0.0,2.709420465762946e-09,4.1706121282208963e-10,1.826683839320058e+40,20.0
97,7.221725940704346,0.7091998090942064,1.8410966031475736e-15,414.81173025956156,414.81173025956156,7.236190793361318e-08,0.0,0.0,2.709420465762946e-09,4.1706121282208963e-10,6.0889461310668605e+40,20.0
98,7.2248759269714355,0.7091998090942064,1.8410966031475736e-15,414.81173025956156,414.81173025956156,7.236190793361318e-08,0.0,0.0,2.709420465762946e-09,4.1706121282208963e-10,2.0296487103556203e+41,20.0
99,7.228038311004639,0.7091998090942064,1.8410966031475736e-15,414.81173025956156,414.81173025956156,7.236190793361318e-08,0.0,0.0,2.709420465762946e-09,4.1706121282208963e-10,6.765495701185401e+41,20.0
100,7.231188058853149,0.7091998090942064,1.8410966031475736e-15,414.81173025956156,414.81173025956156,7.236190793361318e-08,0.0,0.0,2.709420465762946e-09,4.1706121282208963e-10,2.255165233728467e+42,20.0
101,7.234344720840454,0.7091998090942064,1.8410966031475736e-15,414.81173025956156,414.81173025956156,7.236190793361318e-08,0.0,0.0,2.709420465762946e-09,4.1706121282208963e-10,7.517217445761558e+42,20.0
102,7.237490653991699,0.7091998090942064,1.8410966031475736e-15,414.81173025956156,414.81173025956156,7.236190793361318e-08,0.0,0.0,2.709420465762946e-09,4.1706121282208963e-10,2.505739148587186e+43,20.0
103,7.24064040184021,0.7091998090942064,1.8410966031475736e-15,414.81173025956156,414.81173025956156,7.236190793361318e-08,0.0,0.0,2.709420465762946e-09,4.1706121282208963e-10,8.352463828623954e+43,20.0
104,7.243791103363037,0.7091998090942064,1.8410966031475736e-15,414.81173025956156,414.81173025956156,7.236190793361318e-08,0.0,0.0,2.709420465762946e-09,4.1706121282208963e-10,2.784154609541318e+44,20.0
105,7.246941089630127,0.7091998090942064,1.8410966031475736e-15,414.81173025956156,414.81173025956156,7.236190793361318e-08,0.0,0.0,2.709420465762946e-09,4.1706121282208963e-10,9.280515365137727e+44,20.0
106,7.250103235244751,0.7091998090942064,1.8410966031475736e-15,414.81173025956156,414.81173025956156,7.236190793361318e-08,0.0,0.0,2.709420465762946e-09,4.1706121282208963e-10,3.093505121712576e+45,20.0
107,7.253270626068115,0.7091998090942064,1.8410966031475736e-15,414.81173025956156,414.81173025956156,7.236190793361318e-08,0.0,0.0,2.709420465762946e-09,4.1706121282208963e-10,1.031168373904192e+46,20.0
108,7.256423234939575,0.7091998090942064,1.8410966031475736e-15,414.81173025956156,414.81173025956156,7.236190793361318e-08,0.0,0.0,2.709420465762946e-09,4.1706121282208963e-10,3.4372279130139736e+46,20.0
109,7.2595720291137695,0.7091998090942064,1.8410966031475736e-15,414.81173025956156,414.81173025956156,7.236190793361318e-08,0.0,0.0,2.709420465762946e-09,4.1706121282208963e-10,1.1457426376713246e+47,20.0
110,7.262713432312012,0.7091998090942064,1.8410966031475736e-15,414.81173025956156,414.81173025956156,7.236190793361318e-08,0.0,0.0,2.709420465762946e-09,4.1706121282208963e-10,3.819142125571082e+47,20.0
111,7.265864133834839,0.7091998090942064,1.8410966031475736e-15,414.81173025956156,414.81173025956156,7.236190793361318e-08,0.0,0.0,2.709420465762946e-09,4.1706121282208963e-10,1.2730473751903608e+48,20.0
112,7.26900315284729,0.7091998090942064,1.8410966031475736e-15,414.81173025956156,414.81173025956156,7.236190793361318e-08,0.0,0.0,2.709420465762946e-09,4.1706121282208963e-10,4.243491250634536e+48,20.0
113,7.27215313911438,0.7091998090942064,1.8410966031475736e-15,414.81173025956156,414.81173025956156,7.236190793361318e-08,0.0,0.0,2.709420465762946e-09,4.1706121282208963e-10,1.4144970835448454e+49,20.0
114,7.275296449661255,0.7091998090942064,1.8410966031475736e-15,414.81173025956156,414.81173025956156,7.236190793361318e-08,0.0,0.0,2.709420465762946e-09,4.1706121282208963e-10,4.714990278482818e+49,20.0
115,7.278466463088989,0.7091998090942064,1.8410966031475736e-15,414.81173025956156,414.81173025956156,7.236190793361318e-08,0.0,0.0,2.709420465762946e-09,4.1706121282208963e-10,1.5716634261609395e+50,20.0
116,7.281623363494873,0.7091998090942064,1.8410966031475736e-15,414.81173025956156,414.81173025956156,7.236190793361318e-08,0.0,0.0,2.709420465762946e-09,4.1706121282208963e-10,5.238878087203132e+50,20.0
117,7.284769535064697,0.7091998090942064,1.8410966031475736e-15,414.81173025956156,414.81173025956156,7.236190793361318e-08,0.0,0.0,2.709420465762946e-09,4.1706121282208963e-10,1.7462926957343774e+51,20.0
118,7.287917852401733,0.7091998090942064,1.8410966031475736e-15,414.81173025956156,414.81173025956156,7.236190793361318e-08,0.0,0.0,2.709420465762946e-09,4.1706121282208963e-10,5.820975652447925e+51,20.0
119,7.291080474853516,0.7091998090942064,1.8410966031475736e-15,414.81173025956156,414.81173025956156,7.236190793361318e-08,0.0,0.0,2.709420465762946e-09,4.1706121282208963e-10,1.9403252174826416e+52,20.0
120,7.294221639633179,0.7091998090942064,1.8410966031475736e-15,414.81173025956156,414.81173025956156,7.236190793361318e-08,0.0,0.0,2.709420465762946e-09,4.1706121282208963e-10,6.467750724942139e+52,20.0
121,7.297369956970215,0.7091998090942064,1.8410966031475736e-15,414.81173025956156,414.81173025956156,7.236190793361318e-08,0.0,0.0,2.709420465762946e-09,4.1706121282208963e-10,2.1559169083140463e+53,20.0
122,7.30053186416626,0.7091998090942064,1.8410966031475736e-15,414.81173025956156,414.81173025956156,7.236190793361318e-08,0.0,0.0,2.709420465762946e-09,4.1706121282208963e-10,7.186389694380155e+53,20.0
123,7.30370306968689,0.7091998090942064,1.8410966031475736e-15,414.81173025956156,414.81173025956156,7.236190793361318e-08,0.0,0.0,2.709420465762946e-09,4.1706121282208963e-10,2.3954632314600516e+54,20.0
124,7.306852340698242,0.7091998090942064,1.8410966031475736e-15,414.81173025956156,414.81173025956156,7.236190793361318e-08,0.0,0.0,2.709420465762946e-09,4.1706121282208963e-10,7.984877438200172e+54,20.0
125,7.310009241104126,0.7091998090942064,1.8410966031475736e-15,414.81173025956156,414.81173025956156,7.236190793361318e-08,0.0,0.0,2.709420465762946e-09,4.1706121282208963e-10,2.661625812733391e+55,20.0
126,7.313166379928589,0.7091998090942064,1.8410966031475736e-15,414.81173025956156,414.81173025956156,7.236190793361318e-08,0.0,0.0,2.709420465762946e-09,4.1706121282208963e-10,8.872086042444637e+55,20.0
127,7.3163065910339355,0.7091998090942064,1.8410966031475736e-15,414.81173025956156,414.81173025956156,7.236190793361318e-08,0.0,0.0,2.709420465762946e-09,4.1706121282208963e-10,2.9573620141482125e+56,20.0
128,7.319460391998291,0.7091998090942064,1.8410966031475736e-15,414.81173025956156,414.81173025956156,7.236190793361318e-08,0.0,0.0,2.709420465762946e-09,4.1706121282208963e-10,9.857873380494043e+56,20.0
129,7.322614431381226,0.7091998090942064,1.8410966031475736e-15,414.81173025956156,414.81173025956156,7.236190793361318e-08,0.0,0.0,2.709420465762946e-09,4.1706121282208963e-10,3.285957793498014e+57,20.0
130,7.3257598876953125,0.7091998090942064,1.8410966031475736e-15,414.81173025956156,414.81173025956156,7.236190793361318e-08,0.0,0.0,2.709420465762946e-09,4.1706121282208963e-10,1.095319264499338e+58,20.0
131,7.328900098800659,0.7091998090942064,1.8410966031475736e-15,414.81173025956156,414.81173025956156,7.236190793361318e-08,0.0,0.0,2.709420465762946e-09,4.1706121282208963e-10,3.651064214997794e+58,20.0
132,7.332041025161743,0.7091998090942064,1.8410966031475736e-15,414.81173025956156,414.81173025956156,7.236190793361318e-08,0.0,0.0,2.709420465762946e-09,4.1706121282208963e-10,1.2170214049992647e+59,20.0
133,7.3351829051971436,0.7091998090942064,1.8410966031475736e-15,414.81173025956156,414.81173025956156,7.236190793361318e-08,0.0,0.0,2.709420465762946e-09,4.1706121282208963e-10,4.056738016664216e+59,20.0
134,7.338333368301392,0.7091998090942064,1.8410966031475736e-15,414.81173025956156,414.81173025956156,7.236190793361318e-08,0.0,0.0,2.709420465762946e-09,4.1706121282208963e-10,1.3522460055547388e+60,20.0
135,7.341601133346558,0.7091998090942064,1.8410966031475736e-15,414.81173025956156,414.81173025956156,7.236190793361318e-08,0.0,0.0,2.709420465762946e-09,4.1706121282208963e-10,4.5074866851824626e+60,20.0
136,7.3447840213775635,0.7091998090942064,1.8410966031475736e-15,414.81173025956156,414.81173025956156,7.236190793361318e-08,0.0,0.0,2.709420465762946e-09,4.1706121282208963e-10,1.5024955617274875e+61,20.0
137,7.347950458526611,0.7091998090942064,1.8410966031475736e-15,414.81173025956156,414.81173025956156,7.236190793361318e-08,0.0,0.0,2.709420465762946e-09,4.1706121282208963e-10,5.008318539091625e+61,20.0
138,7.351099967956543,0.7091998090942064,1.8410966031475736e-15,414.81173025956156,414.81173025956156,7.236190793361318e-08,0.0,0.0,2.709420465762946e-09,4.1706121282208963e-10,1.6694395130305417e+62,20.0
139,7.354252815246582,0.7091998090942064,1.8410966031475736e-15,414.81173025956156,414.81173025956156,7.236190793361318e-08,0.0,0.0,2.709420465762946e-09,4.1706121282208963e-10,5.5647983767684725e+62,20.0
140,7.35740065574646,0.7091998090942064,1.8410966031475736e-15,414.81173025956156,414.81173025956156,7.236190793361318e-08,0.0,0.0,2.709420465762946e-09,4.1706121282208963e-10,1.8549327922561576e+63,20.0
141,7.36055326461792,0.7091998090942064,1.8410966031475736e-15,414.81173025956156,414.81173025956156,7.236190793361318e-08,0.0,0.0,2.709420465762946e-09,4.1706121282208963e-10,6.183109307520526e+63,20.0
142,7.363690376281738,0.7091998090942064,1.8410966031475736e-15,414.81173025956156,414.81173025956156,7.236190793361318e-08,0.0,0.0,2.709420465762946e-09,4.1706121282208963e-10,2.0610364358401755e+64,20.0
143,7.366832971572876,0.7091998090942064,1.8410966031475736e-15,414.81173025956156,414.81173025956156,7.236190793361318e-08,0.0,0.0,2.709420465762946e-09,4.1706121282208963e-10,6.870121452800586e+64,20.0
144,7.370020627975464,0.7091998090942064,1.8410966031475736e-15,414.81173025956156,414.81173025956156,7.236190793361318e-08,0.0,0.0,2.709420465762946e-09,4.1706121282208963e-10,2.290040484266862e+65,20.0
145,7.373432159423828,0.7091998090942064,1.8410966031475736e-15,414.81173025956156,414.81173025956156,7.236190793361318e-08,0.0,0.0,2.709420465762946e-09,4.1706121282208963e-10,7.633468280889541e+65,20.0
146,7.376640558242798,0.7091998090942064,1.8410966031475736e-15,414.81173025956156,414.81173025956156,7.236190793361318e-08,0.0,0.0,2.709420465762946e-09,4.1706121282208963e-10,2.5444894269631804e+66,20.0
147,7.379822731018066,0.7091998090942064,1.8410966031475736e-15,414.81173025956156,414.81173025956156,7.236190793361318e-08,0.0,0.0,2.709420465762946e-09,4.1706121282208963e-10,8.481631423210601e+66,20.0
148,7.382988452911377,0.7091998090942064,1.8410966031475736e-15,414.81173025956156,414.81173025956156,7.236190793361318e-08,0.0,0.0,2.709420465762946e-09,4.1706121282208963e-10,2.827210474403534e+67,20.0
149,7.386171579360962,0.7091998090942064,1.8410966031475736e-15,414.81173025956156,414.81173025956156,7.236190793361318e-08,0.0,0.0,2.709420465762946e-09,4.1706121282208963e-10,9.424034914678447e+67,20.0
150,7.389327526092529,0.7091998090942064,1.8410966031475736e-15,414.81173025956156,414.81173025956156,7.236190793361318e-08,0.0,0.0,2.709420465762946e-09,4.1706121282208963e-10,3.1413449715594827e+68,20.0
151,7.392480373382568,0.7091998090942064,1.8410966031475736e-15,414.81173025956156,414.81173025956156,7.236190793361318e-08,0.0,0.0,2.709420465762946e-09,4.1706121282208963e-10,1.0471149905198276e+69,20.0
152,7.3956170082092285,0.7091998090942064,1.8410966031475736e-15,414.81173025956156,414.81173025956156,7.236190793361318e-08,0.0,0.0,2.709420465762946e-09,4.1706121282208963e-10,3.490383301732759e+69,20.0
153,7.398830890655518,0.7091998090942064,1.8410966031475736e-15,414.81173025956156,414.81173025956156,7.236190793361318e-08,0.0,0.0,2.709420465762946e-09,4.1706121282208963e-10,1.1634611005775864e+70,20.0
154,7.402002811431885,0.7091998090942064,1.8410966031475736e-15,414.81173025956156,414.81173025956156,7.236190793361318e-08,0.0,0.0,2.709420465762946e-09,4.1706121282208963e-10,3.878203668591955e+70,20.0
155,7.40514612197876,0.7091998090942064,1.8410966031475736e-15,414.81173025956156,414.81173025956156,7.236190793361318e-08,0.0,0.0,2.709420465762946e-09,4.1706121282208963e-10,1.2927345561973184e+71,20.0
156,7.408289670944214,0.7091998090942064,1.8410966031475736e-15,414.81173025956156,414.81173025956156,7.236190793361318e-08,0.0,0.0,2.709420465762946e-09,4.1706121282208963e-10,4.309115187324395e+71,20.0
157,7.4114320278167725,0.7091998090942064,1.8410966031475736e-15,414.81173025956156,414.81173025956156,7.236190793361318e-08,0.0,0.0,2.709420465762946e-09,4.1706121282208963e-10,1.4363717291081316e+72,20.0
158,7.414587020874023,0.7091998090942064,1.8410966031475736e-15,414.81173025956156,414.81173025956156,7.236190793361318e-08,0.0,0.0,2.709420465762946e-09,4.1706121282208963e-10,4.787905763693772e+72,20.0
159,7.4177398681640625,0.7091998090942064,1.8410966031475736e-15,414.81173025956156,414.81173025956156,7.236190793361318e-08,0.0,0.0,2.709420465762946e-09,4.1706121282208963e-10,1.595968587897924e+73,20.0
160,7.420896053314209,0.7091998090942064,1.8410966031475736e-15,414.81173025956156,414.81173025956156,7.236190793361318e-08,0.0,0.0,2.709420465762946e-09,4.1706121282208963e-10,5.3198952929930806e+73,20.0
161,7.4240429401397705,0.7091998090942064,1.8410966031475736e-15,414.81173025956156,414.81173025956156,7.236190793361318e-08,0.0,0.0,2.709420465762946e-09,4.1706121282208963e-10,1.7732984309976936e+74,20.0
162,7.4271934032440186,0.7091998090942064,1.8410966031475736e-15,414.81173025956156,414.81173025956156,7.236190793361318e-08,0.0,0.0,2.709420465762946e-09,4.1706121282208963e-10,5.910994769992312e+74,20.0
163,7.430366039276123,0.7091998090942064,1.8410966031475736e-15,414.81173025956156,414.81173025956156,7.236190793361318e-08,0.0,0.0,2.709420465762946e-09,4.1706121282208963e-10,1.9703315899974373e+75,20.0
164,7.433532238006592,0.7091998090942064,1.8410966031475736e-15,414.81173025956156,414.81173025956156,7.236190793361318e-08,0.0,0.0,2.709420465762946e-09,4.1706121282208963e-10,6.567771966658124e+75,20.0
165,7.436693429946899,0.7091998090942064,1.8410966031475736e-15,414.81173025956156,414.81173025956156,7.236190793361318e-08,0.0,0.0,2.709420465762946e-09,4.1706121282208963e-10,2.189257322219375e+76,20.0
166,7.439870119094849,0.7091998090942064,1.8410966031475736e-15,414.81173025956156,414.81173025956156,7.236190793361318e-08,0.0,0.0,2.709420465762946e-09,4.1706121282208963e-10,7.297524407397916e+76,20.0
167,7.443018198013306,0.7091998090942064,1.8410966031475736e-15,414.81173025956156,414.81173025956156,7.236190793361318e-08,0.0,0.0,2.709420465762946e-09,4.1706121282208963e-10,2.432508135799306e+77,20.0
168,7.446163177490234,0.7091998090942064,1.8410966031475736e-15,414.81173025956156,414.81173025956156,7.236190793361318e-08,0.0,0.0,2.709420465762946e-09,4.1706121282208963e-10,8.108360452664353e+77,20.0
169,7.449336528778076,0.7091998090942064,1.8410966031475736e-15,414.81173025956156,414.81173025956156,7.236190793361318e-08,0.0,0.0,2.709420465762946e-09,4.1706121282208963e-10,2.7027868175547844e+78,20.0
170,7.4524946212768555,0.7091998090942064,1.8410966031475736e-15,414.81173025956156,414.81173025956156,7.236190793361318e-08,0.0,0.0,2.709420465762946e-09,4.1706121282208963e-10,9.009289391849282e+78,20.0
171,7.455636024475098,0.7091998090942064,1.8410966031475736e-15,414.81173025956156,414.81173025956156,7.236190793361318e-08,0.0,0.0,2.709420465762946e-09,4.1706121282208963e-10,3.0030964639497605e+79,20.0
172,7.458791017532349,0.7091998090942064,1.8410966031475736e-15,414.81173025956156,414.81173025956156,7.236190793361318e-08,0.0,0.0,2.709420465762946e-09,4.1706121282208963e-10,1.0010321546499203e+80,20.0
173,7.461947441101074,0.7091998090942064,1.8410966031475736e-15,414.81173025956156,414.81173025956156,7.236190793361318e-08,0.0,0.0,2.709420465762946e-09,4.1706121282208963e-10,3.3367738488330677e+80,20.0
174,7.465117454528809,0.7091998090942064,1.8410966031475736e-15,414.81173025956156,414.81173025956156,7.236190793361318e-08,0.0,0.0,2.709420465762946e-09,4.1706121282208963e-10,1.1122579496110226e+81,20.0
175,7.468257427215576,0.7091998090942064,1.8410966031475736e-15,414.81173025956156,414.81173025956156,7.236190793361318e-08,0.0,0.0,2.709420465762946e-09,4.1706121282208963e-10,3.707526498703409e+81,20.0
176,7.47139310836792,0.7091998090942064,1.8410966031475736e-15,414.81173025956156,414.81173025956156,7.236190793361318e-08,0.0,0.0,2.709420465762946e-09,4.1706121282208963e-10,1.2358421662344698e+82,20.0
177,7.474536657333374,0.7091998090942064,1.8410966031475736e-15,414.81173025956156,414.81173025956156,7.236190793361318e-08,0.0,0.0,2.709420465762946e-09,4.1706121282208963e-10,4.119473887448233e+82,20.0
178,7.47768759727478,0.7091998090942064,1.8410966031475736e-15,414.81173025956156,414.81173025956156,7.236190793361318e-08,0.0,0.0,2.709420465762946e-09,4.1706121282208963e-10,1.3731579624827444e+83,20.0
179,7.480829954147339,0.7091998090942064,1.8410966031475736e-15,414.81173025956156,414.81173025956156,7.236190793361318e-08,0.0,0.0,2.709420465762946e-09,4.1706121282208963e-10,4.577193208275815e+83,20.0
180,7.484019756317139,0.7091998090942064,1.8410966031475736e-15,414.81173025956156,414.81173025956156,7.236190793361318e-08,0.0,0.0,2.709420465762946e-09,4.1706121282208963e-10,1.5257310694252718e+84,20.0
181,7.487165451049805,0.7091998090942064,1.8410966031475736e-15,414.81173025956156,414.81173025956156,7.236190793361318e-08,0.0,0.0,2.709420465762946e-09,4.1706121282208963e-10,5.085770231417573e+84,20.0
182,7.490312337875366,0.7091998090942064,1.8410966031475736e-15,414.81173025956156,414.81173025956156,7.236190793361318e-08,0.0,0.0,2.709420465762946e-09,4.1706121282208963e-10,1.695256743805858e+85,20.0
183,7.493446588516235,0.7091998090942064,1.8410966031475736e-15,414.81173025956156,414.81173025956156,7.236190793361318e-08,0.0,0.0,2.709420465762946e-09,4.1706121282208963e-10,5.6508558126861934e+85,20.0
184,7.496601343154907,0.7091998090942064,1.8410966031475736e-15,414.81173025956156,414.81173025956156,7.236190793361318e-08,0.0,0.0,2.709420465762946e-09,4.1706121282208963e-10,1.8836186042287313e+86,20.0
185,7.499754905700684,0.7091998090942064,1.8410966031475736e-15,414.81173025956156,414.81173025956156,7.236190793361318e-08,0.0,0.0,2.709420465762946e-09,4.1706121282208963e-10,6.278728680762438e+86,20.0
186,7.502898931503296,0.7091998090942064,1.8410966031475736e-15,414.81173025956156,414.81173025956156,7.236190793361318e-08,0.0,0.0,2.709420465762946e-09,4.1706121282208963e-10,2.092909560254146e+87,20.0
187,7.506054878234863,0.7091998090942064,1.8410966031475736e-15,414.81173025956156,414.81173025956156,7.236190793361318e-08,0.0,0.0,2.709420465762946e-09,4.1706121282208963e-10,6.976365200847153e+87,20.0
188,7.5091962814331055,0.7091998090942064,1.8410966031475736e-15,414.81173025956156,414.81173025956156,7.236190793361318e-08,0.0,0.0,2.709420465762946e-09,4.1706121282208963e-10,2.325455066949051e+88,20.0
189,7.512357950210571,0.7091998090942064,1.8410966031475736e-15,414.81173025956156,414.81173025956156,7.236190793361318e-08,0.0,0.0,2.709420465762946e-09,4.1706121282208963e-10,7.75151688983017e+88,20.0
190,7.515501499176025,0.7091998090942064,1.8410966031475736e-15,414.81173025956156,414.81173025956156,7.236190793361318e-08,0.0,0.0,2.709420465762946e-09,4.1706121282208963e-10,2.583838963276723e+89,20.0
191,7.518650054931641,0.7091998090942064,1.8410966031475736e-15,414.81173025956156,414.81173025956156,7.236190793361318e-08,0.0,0.0,2.709420465762946e-09,4.1706121282208963e-10,8.612796544255744e+89,20.0
192,7.521788835525513,0.7091998090942064,1.8410966031475736e-15,414.81173025956156,414.81173025956156,7.236190793361318e-08,0.0,0.0,2.709420465762946e-09,4.1706121282208963e-10,2.870932181418582e+90,20.0
193,7.524936199188232,0.7091998090942064,1.8410966031475736e-15,414.81173025956156,414.81173025956156,7.236190793361318e-08,0.0,0.0,2.709420465762946e-09,4.1706121282208963e-10,9.56977393806194e+90,20.0
194,7.528088331222534,0.7091998090942064,1.8410966031475736e-15,414.81173025956156,414.81173025956156,7.236190793361318e-08,0.0,0.0,2.709420465762946e-09,4.1706121282208963e-10,3.189924646020647e+91,20.0
195,7.531245708465576,0.7091998090942064,1.8410966031475736e-15,414.81173025956156,414.81173025956156,7.236190793361318e-08,0.0,0.0,2.709420465762946e-09,4.1706121282208963e-10,1.0633082153402156e+92,20.0
196,7.5343918800354,0.7091998090942064,1.8410966031475736e-15,414.81173025956156,414.81173025956156,7.236190793361318e-08,0.0,0.0,2.709420465762946e-09,4.1706121282208963e-10,3.544360717800719e+92,20.0
197,7.537553071975708,0.7091998090942064,1.8410966031475736e-15,414.81173025956156,414.81173025956156,7.236190793361318e-08,0.0,0.0,2.709420465762946e-09,4.1706121282208963e-10,1.1814535726002397e+93,20.0
198,7.54071307182312,0.7091998090942064,1.8410966031475736e-15,414.81173025956156,414.81173025956156,7.236190793361318e-08,0.0,0.0,2.709420465762946e-09,4.1706121282208963e-10,3.938178575334133e+93,20.0
199,7.543881893157959,0.7091998090942064,1.8410966031475736e-15,414.81173025956156,414.81173025956156,7.236190793361318e-08,0.0,0.0,2.709420465762946e-09,4.1706121282208963e-10,1.3127261917780443e+94,20.0
200,7.547024250030518,0.7091998090942064,1.8410966031475736e-15,414.81173025956156,414.81173025956156,7.236190793361318e-08,0.0,0.0,2.709420465762946e-09,4.1706121282208963e-10,4.375753972593481e+94,20.0
201,7.550177574157715,0.7091998090942064,1.8410966031475736e-15,414.81173025956156,414.81173025956156,7.236190793361318e-08,0.0,0.0,2.709420465762946e-09,4.1706121282208963e-10,1.4585846575311605e+95,20.0
202,7.553318977355957,0.7091998090942064,1.8410966031475736e-15,414.81173025956156,414.81173025956156,7.236190793361318e-08,0.0,0.0,2.709420465762946e-09,4.1706121282208963e-10,4.8619488584372015e+95,20.0
203,7.5564656257629395,0.7091998090942064,1.8410966031475736e-15,414.81173025956156,414.81173025956156,7.236190793361318e-08,0.0,0.0,2.709420465762946e-09,4.1706121282208963e-10,1.6206496194790672e+96,20.0
204,7.559610366821289,0.7091998090942064,1.8410966031475736e-15,414.81173025956156,414.81173025956156,7.236190793361318e-08,0.0,0.0,2.709420465762946e-09,4.1706121282208963e-10,5.402165398263558e+96,20.0
205,7.562754154205322,0.7091998090942064,1.8410966031475736e-15,414.81173025956156,414.81173025956156,7.236190793361318e-08,0.0,0.0,2.709420465762946e-09,4.1706121282208963e-10,1.8007217994211862e+97,20.0
206,7.565893888473511,0.7091998090942064,1.8410966031475736e-15,414.81173025956156,414.81173025956156,7.236190793361318e-08,0.0,0.0,2.709420465762946e-09,4.1706121282208963e-10,6.002405998070621e+97,20.0
207,7.569053649902344,0.7091998090942064,1.8410966031475736e-15,414.81173025956156,414.81173025956156,7.236190793361318e-08,0.0,0.0,2.709420465762946e-09,4.1706121282208963e-10,2.0008019993568736e+98,20.0
208,7.572216987609863,0.7091998090942064,1.8410966031475736e-15,414.81173025956156,414.81173025956156,7.236190793361318e-08,0.0,0.0,2.709420465762946e-09,4.1706121282208963e-10,6.669339997856246e+98,20.0
209,7.575371503829956,0.7091998090942064,1.8410966031475736e-15,414.81173025956156,414.81173025956156,7.236190793361318e-08,0.0,0.0,2.709420465762946e-09,4.1706121282208963e-10,2.2231133326187487e+99,20.0
210,7.5785157680511475,0.7091998090942064,1.8410966031475736e-15,414.81173025956156,414.81173025956156,7.236190793361318e-08,0.0,0.0,2.709420465762946e-09,4.1706121282208963e-10,7.410377775395829e+99,20.0
211,7.581660032272339,0.7091998090942064,1.8410966031475736e-15,414.81173025956156,414.81173025956156,7.236190793361318e-08,0.0,0.0,2.709420465762946e-09,4.1706121282208963e-10,2.470125925131943e+100,20.0
212,7.584803581237793,0.7091998090942064,1.8410966031475736e-15,414.81173025956156,414.81173025956156,7.236190793361318e-08,0.0,0.0,2.709420465762946e-09,4.1706121282208963e-10,8.233753083773143e+100,20.0
213,7.5879456996917725,0.7091998090942064,1.8410966031475736e-15,414.81173025956156,414.81173025956156,7.236190793361318e-08,0.0,0.0,2.709420465762946e-09,4.1706121282208963e-10,2.7445843612577146e+101,20.0
214,7.591095447540283,0.7091998090942064,1.8410966031475736e-15,414.81173025956156,414.81173025956156,7.236190793361318e-08,0.0,0.0,2.709420465762946e-09,4.1706121282208963e-10,9.148614537525716e+101,20.0
215,7.594244003295898,0.7091998090942064,1.8410966031475736e-15,414.81173025956156,414.81173025956156,7.236190793361318e-08,0.0,0.0,2.709420465762946e-09,4.1706121282208963e-10,3.049538179175239e+102,20.0
216,7.597376108169556,0.7091998090942064,1.8410966031475736e-15,414.81173025956156,414.81173025956156,7.236190793361318e-08,0.0,0.0,2.709420465762946e-09,4.1706121282208963e-10,1.0165127263917464e+103,20.0
217,7.600536108016968,0.7091998090942064,1.8410966031475736e-15,414.81173025956156,414.81173025956156,7.236190793361318e-08,0.0,0.0,2.709420465762946e-09,4.1706121282208963e-10,3.388375754639155e+103,20.0
218,7.60375189781189,0.7091998090942064,1.8410966031475736e-15,414.81173025956156,414.81173025956156,7.236190793361318e-08,0.0,0.0,2.709420465762946e-09,4.1706121282208963e-10,1.1294585848797183e+104,20.0
219,7.607055902481079,0.7091998090942064,1.8410966031475736e-15,414.81173025956156,414.81173025956156,7.236190793361318e-08,0.0,0.0,2.709420465762946e-09,4.1706121282208963e-10,3.764861949599061e+104,20.0
220,7.610477685928345,0.7091998090942064,1.8410966031475736e-15,414.81173025956156,414.81173025956156,7.236190793361318e-08,0.0,0.0,2.709420465762946e-09,4.1706121282208963e-10,1.254953983199687e+105,20.0
221,7.613722085952759,0.7091998090942064,1.8410966031475736e-15,414.81173025956156,414.81173025956156,7.236190793361318e-08,0.0,0.0,2.709420465762946e-09,4.1706121282208963e-10,4.1831799439989566e+105,20.0
222,7.616968870162964,0.7091998090942064,1.8410966031475736e-15,414.81173025956156,414.81173025956156,7.236190793361318e-08,0.0,0.0,2.709420465762946e-09,4.1706121282208963e-10,1.394393314666319e+106,20.0
223,7.620142936706543,0.7091998090942064,1.8410966031475736e-15,414.81173025956156,414.81173025956156,7.236190793361318e-08,0.0,0.0,2.709420465762946e-09,4.1706121282208963e-10,4.647977715554397e+106,20.0
224,7.623316287994385,0.7091998090942064,1.8410966031475736e-15,414.81173025956156,414.81173025956156,7.236190793361318e-08,0.0,0.0,2.709420465762946e-09,4.1706121282208963e-10,1.549325905184799e+107,20.0
225,7.626500606536865,0.7091998090942064,1.8410966031475736e-15,414.81173025956156,414.81173025956156,7.236190793361318e-08,0.0,0.0,2.709420465762946e-09,4.1706121282208963e-10,5.1644196839493304e+107,20.0
226,7.6296491622924805,0.7091998090942064,1.8410966031475736e-15,414.81173025956156,414.81173025956156,7.236190793361318e-08,0.0,0.0,2.709420465762946e-09,4.1706121282208963e-10,1.72147322798311e+108,20.0
227,7.632819890975952,0.7091998090942064,1.8410966031475736e-15,414.81173025956156,414.81173025956156,7.236190793361318e-08,0.0,0.0,2.709420465762946e-09,4.1706121282208963e-10,5.738244093277033e+108,20.0
228,7.635967969894409,0.7091998090942064,1.8410966031475736e-15,414.81173025956156,414.81173025956156,7.236190793361318e-08,0.0,0.0,2.709420465762946e-09,4.1706121282208963e-10,1.9127480310923447e+109,20.0
229,7.639123916625977,0.7091998090942064,1.8410966031475736e-15,414.81173025956156,414.81173025956156,7.236190793361318e-08,0.0,0.0,2.709420465762946e-09,4.1706121282208963e-10,6.375826770307816e+109,20.0
230,7.642296552658081,0.7091998090942064,1.8410966031475736e-15,414.81173025956156,414.81173025956156,7.236190793361318e-08,0.0,0.0,2.709420465762946e-09,4.1706121282208963e-10,2.1252755901026054e+110,20.0
231,7.645451307296753,0.7091998090942064,1.8410966031475736e-15,414.81173025956156,414.81173025956156,7.236190793361318e-08,0.0,0.0,2.709420465762946e-09,4.1706121282208963e-10,7.084251967008685e+110,20.0
232,7.648592472076416,0.7091998090942064,1.8410966031475736e-15,414.81173025956156,414.81173025956156,7.236190793361318e-08,0.0,0.0,2.709420465762946e-09,4.1706121282208963e-10,2.3614173223362285e+111,20.0
233,7.651750326156616,0.7091998090942064,1.8410966031475736e-15,414.81173025956156,414.81173025956156,7.236190793361318e-08,0.0,0.0,2.709420465762946e-09,4.1706121282208963e-10,7.871391074454095e+111,20.0
234,7.654897451400757,0.7091998090942064,1.8410966031475736e-15,414.81173025956156,414.81173025956156,7.236190793361318e-08,0.0,0.0,2.709420465762946e-09,4.1706121282208963e-10,2.6237970248180317e+112,20.0
235,7.658051490783691,0.7091998090942064,1.8410966031475736e-15,414.81173025956156,414.81173025956156,7.236190793361318e-08,0.0,0.0,2.709420465762946e-09,4.1706121282208963e-10,8.745990082726772e+112,20.0
236,7.661205053329468,0.7091998090942064,1.8410966031475736e-15,414.81173025956156,414.81173025956156,7.236190793361318e-08,0.0,0.0,2.709420465762946e-09,4.1706121282208963e-10,2.915330027575591e+113,20.0
237,7.6643524169921875,0.7091998090942064,1.8410966031475736e-15,414.81173025956156,414.81173025956156,7.236190793361318e-08,0.0,0.0,2.709420465762946e-09,4.1706121282208963e-10,9.717766758585303e+113,20.0
238,7.667509317398071,0.7091998090942064,1.8410966031475736e-15,414.81173025956156,414.81173025956156,7.236190793361318e-08,0.0,0.0,2.709420465762946e-09,4.1706121282208963e-10,3.239255586195101e+114,20.0
239,7.670677423477173,0.7091998090942064,1.8410966031475736e-15,414.81173025956156,414.81173025956156,7.236190793361318e-08,0.0,0.0,2.709420465762946e-09,4.1706121282208963e-10,1.0797518620650338e+115,20.0
240,7.673882007598877,0.7091998090942064,1.8410966031475736e-15,414.81173025956156,414.81173025956156,7.236190793361318e-08,0.0,0.0,2.709420465762946e-09,4.1706121282208963e-10,3.5991728735501125e+115,20.0
241,7.677053451538086,0.7091998090942064,1.8410966031475736e-15,414.81173025956156,414.81173025956156,7.236190793361318e-08,0.0,0.0,2.709420465762946e-09,4.1706121282208963e-10,1.199724291183371e+116,20.0
242,7.680203437805176,0.7091998090942064,1.8410966031475736e-15,414.81173025956156,414.81173025956156,7.236190793361318e-08,0.0,0.0,2.709420465762946e-09,4.1706121282208963e-10,3.999080970611237e+116,20.0
243,7.68336296081543,0.7091998090942064,1.8410966031475736e-15,414.81173025956156,414.81173025956156,7.236190793361318e-08,0.0,0.0,2.709420465762946e-09,4.1706121282208963e-10,1.3330269902037456e+117,20.0
244,7.686534881591797,0.7091998090942064,1.8410966031475736e-15,414.81173025956156,414.81173025956156,7.236190793361318e-08,0.0,0.0,2.709420465762946e-09,4.1706121282208963e-10,4.4434233006791524e+117,20.0
245,7.689694881439209,0.7091998090942064,1.8410966031475736e-15,414.81173025956156,414.81173025956156,7.236190793361318e-08,0.0,0.0,2.709420465762946e-09,4.1706121282208963e-10,1.4811411002263842e+118,20.0
246,7.692829370498657,0.7091998090942064,1.8410966031475736e-15,414.81173025956156,414.81173025956156,7.236190793361318e-08,0.0,0.0,2.709420465762946e-09,4.1706121282208963e-10,4.937137000754615e+118,20.0
247,7.695976495742798,0.7091998090942064,1.8410966031475736e-15,414.81173025956156,414.81173025956156,7.236190793361318e-08,0.0,0.0,2.709420465762946e-09,4.1706121282208963e-10,1.6457123335848715e+119,20.0
248,7.699178457260132,0.7091998090942064,1.8410966031475736e-15,414.81173025956156,414.81173025956156,7.236190793361318e-08,0.0,0.0,2.709420465762946e-09,4.1706121282208963e-10,5.485707778616239e+119,20.0
249,7.702358722686768,0.7091998090942064,1.8410966031475736e-15,414.81173025956156,414.81173025956156,7.236190793361318e-08,0.0,0.0,2.709420465762946e-09,4.1706121282208963e-10,1.8285692595387462e+120,20.0
250,7.705520868301392,0.7091998090942064,1.8410966031475736e-15,414.81173025956156,414.81173025956156,7.236190793361318e-08,0.0,0.0,2.709420465762946e-09,4.1706121282208963e-10,6.095230865129154e+120,20.0
251,7.708688735961914,0.7091998090942064,1.8410966031475736e-15,414.81173025956156,414.81173025956156,7.236190793361318e-08,0.0,0.0,2.709420465762946e-09,4.1706121282208963e-10,2.0317436217097182e+121,20.0
252,7.7118449211120605,0.7091998090942064,1.8410966031475736e-15,414.81173025956156,414.81173025956156,7.236190793361318e-08,0.0,0.0,2.709420465762946e-09,4.1706121282208963e-10,6.772478739032394e+121,20.0
253,7.715002536773682,0.7091998090942064,1.8410966031475736e-15,414.81173025956156,414.81173025956156,7.236190793361318e-08,0.0,0.0,2.709420465762946e-09,4.1706121282208963e-10,2.257492913010798e+122,20.0
254,7.718155384063721,0.7091998090942064,1.8410966031475736e-15,414.81173025956156,414.81173025956156,7.236190793361318e-08,0.0,0.0,2.709420465762946e-09,4.1706121282208963e-10,7.52497637670266e+122,20.0
255,7.721315145492554,0.7091998090942064,1.8410966031475736e-15,414.81173025956156,414.81173025956156,7.236190793361318e-08,0.0,0.0,2.709420465762946e-09,4.1706121282208963e-10,2.508325458900887e+123,20.0
256,7.724468946456909,0.7091998090942064,1.8410966031475736e-15,414.81173025956156,414.81173025956156,7.236190793361318e-08,0.0,0.0,2.709420465762946e-09,4.1706121282208963e-10,8.361084863002958e+123,20.0
257,7.727640151977539,0.7091998090942064,1.8410966031475736e-15,414.81173025956156,414.81173025956156,7.236190793361318e-08,0.0,0.0,2.709420465762946e-09,4.1706121282208963e-10,2.7870282876676525e+124,20.0
258,7.730790138244629,0.7091998090942064,1.8410966031475736e-15,414.81173025956156,414.81173025956156,7.236190793361318e-08,0.0,0.0,2.709420465762946e-09,4.1706121282208963e-10,9.290094292225508e+124,20.0
259,7.733947038650513,0.7091998090942064,1.8410966031475736e-15,414.81173025956156,414.81173025956156,7.236190793361318e-08,0.0,0.0,2.709420465762946e-09,4.1706121282208963e-10,3.096698097408503e+125,20.0
260,7.7370991706848145,0.7091998090942064,1.8410966031475736e-15,414.81173025956156,414.81173025956156,7.236190793361318e-08,0.0,0.0,2.709420465762946e-09,4.1706121282208963e-10,1.0322326991361677e+126,20.0
261,7.740262985229492,0.7091998090942064,1.8410966031475736e-15,414.81173025956156,414.81173025956156,7.236190793361318e-08,0.0,0.0,2.709420465762946e-09,4.1706121282208963e-10,3.440775663787226e+126,20.0
262,7.7434303760528564,0.7091998090942064,1.8410966031475736e-15,414.81173025956156,414.81173025956156,7.236190793361318e-08,0.0,0.0,2.709420465762946e-09,4.1706121282208963e-10,1.1469252212624087e+127,20.0
263,7.746587514877319,0.7091998090942064,1.8410966031475736e-15,414.81173025956156,414.81173025956156,7.236190793361318e-08,0.0,0.0,2.709420465762946e-09,4.1706121282208963e-10,3.823084070874696e+127,20.0
264,7.749748229980469,0.7091998090942064,1.8410966031475736e-15,414.81173025956156,414.81173025956156,7.236190793361318e-08,0.0,0.0,2.709420465762946e-09,4.1706121282208963e-10,1.274361356958232e+128,20.0
265,7.752909183502197,0.7091998090942064,1.8410966031475736e-15,414.81173025956156,414.81173025956156,7.236190793361318e-08,0.0,0.0,2.709420465762946e-09,4.1706121282208963e-10,4.247871189860774e+128,20.0
266,7.75605320930481,0.7091998090942064,1.8410966031475736e-15,414.81173025956156,414.81173025956156,7.236190793361318e-08,0.0,0.0,2.709420465762946e-09,4.1706121282208963e-10,1.4159570632869245e+129,20.0
267,7.759223222732544,0.7091998090942064,1.8410966031475736e-15,414.81173025956156,414.81173025956156,7.236190793361318e-08,0.0,0.0,2.709420465762946e-09,4.1706121282208963e-10,4.719856877623082e+129,20.0
268,7.762367010116577,0.7091998090942064,1.8410966031475736e-15,414.81173025956156,414.81173025956156,7.236190793361318e-08,0.0,0.0,2.709420465762946e-09,4.1706121282208963e-10,1.5732856258743608e+130,20.0
269,7.7655229568481445,0.7091998090942064,1.8410966031475736e-15,414.81173025956156,414.81173025956156,7.236190793361318e-08,0.0,0.0,2.709420465762946e-09,4.1706121282208963e-10,5.244285419581203e+130,20.0
270,7.768678903579712,0.7091998090942064,1.8410966031475736e-15,414.81173025956156,414.81173025956156,7.236190793361318e-08,0.0,0.0,2.709420465762946e-09,4.1706121282208963e-10,1.7480951398604008e+131,20.0
271,7.771846294403076,0.7091998090942064,1.8410966031475736e-15,414.81173025956156,414.81173025956156,7.236190793361318e-08,0.0,0.0,2.709420465762946e-09,4.1706121282208963e-10,5.8269837995346696e+131,20.0
272,7.774988412857056,0.7091998090942064,1.8410966031475736e-15,414.81173025956156,414.81173025956156,7.236190793361318e-08,0.0,0.0,2.709420465762946e-09,4.1706121282208963e-10,1.942327933178223e+132,20.0
273,7.778132438659668,0.7091998090942064,1.8410966031475736e-15,414.81173025956156,414.81173025956156,7.236190793361318e-08,0.0,0.0,2.709420465762946e-09,4.1706121282208963e-10,6.47442644392741e+132,20.0
274,7.781271696090698,0.7091998090942064,1.8410966031475736e-15,414.81173025956156,414.81173025956156,7.236190793361318e-08,0.0,0.0,2.709420465762946e-09,4.1706121282208963e-10,2.1581421479758035e+133,20.0
275,7.7844343185424805,0.7091998090942064,1.8410966031475736e-15,414.81173025956156,414.81173025956156,7.236190793361318e-08,0.0,0.0,2.709420465762946e-09,4.1706121282208963e-10,7.193807159919345e+133,20.0
276,7.787590742111206,0.7091998090942064,1.8410966031475736e-15,414.81173025956156,414.81173025956156,7.236190793361318e-08,0.0,0.0,2.709420465762946e-09,4.1706121282208963e-10,2.397935719973115e+134,20.0
277,7.7907326221466064,0.7091998090942064,1.8410966031475736e-15,414.81173025956156,414.81173025956156,7.236190793361318e-08,0.0,0.0,2.709420465762946e-09,4.1706121282208963e-10,7.99311906657705e+134,20.0
278,7.793869733810425,0.7091998090942064,1.8410966031475736e-15,414.81173025956156,414.81173025956156,7.236190793361318e-08,0.0,0.0,2.709420465762946e-09,4.1706121282208963e-10,2.66437302219235e+135,20.0
279,7.7970380783081055,0.7091998090942064,1.8410966031475736e-15,414.81173025956156,414.81173025956156,7.236190793361318e-08,0.0,0.0,2.709420465762946e-09,4.1706121282208963e-10,8.881243407307833e+135,20.0
280,7.800184011459351,0.7091998090942064,1.8410966031475736e-15,414.81173025956156,414.81173025956156,7.236190793361318e-08,0.0,0.0,2.709420465762946e-09,4.1706121282208963e-10,2.960414469102611e+136,20.0
281,7.803354024887085,0.7091998090942064,1.8410966031475736e-15,414.81173025956156,414.81173025956156,7.236190793361318e-08,0.0,0.0,2.709420465762946e-09,4.1706121282208963e-10,9.868048230342037e+136,20.0
282,7.80650520324707,0.7091998090942064,1.8410966031475736e-15,414.81173025956156,414.81173025956156,7.236190793361318e-08,0.0,0.0,2.709420465762946e-09,4.1706121282208963e-10,3.2893494101140125e+137,20.0
283,7.8096699714660645,0.7091998090942064,1.8410966031475736e-15,414.81173025956156,414.81173025956156,7.236190793361318e-08,0.0,0.0,2.709420465762946e-09,4.1706121282208963e-10,1.0964498033713376e+138,20.0
284,7.812828302383423,0.7091998090942064,1.8410966031475736e-15,414.81173025956156,414.81173025956156,7.236190793361318e-08,0.0,0.0,2.709420465762946e-09,4.1706121282208963e-10,3.6548326779044585e+138,20.0
285,7.815991163253784,0.7091998090942064,1.8410966031475736e-15,414.81173025956156,414.81173025956156,7.236190793361318e-08,0.0,0.0,2.709420465762946e-09,4.1706121282208963e-10,1.2182775593014862e+139,20.0
286,7.819145679473877,0.7091998090942064,1.8410966031475736e-15,414.81173025956156,414.81173025956156,7.236190793361318e-08,0.0,0.0,2.709420465762946e-09,4.1706121282208963e-10,4.060925197671621e+139,20.0
287,7.822298526763916,0.7091998090942064,1.8410966031475736e-15,414.81173025956156,414.81173025956156,7.236190793361318e-08,0.0,0.0,2.709420465762946e-09,4.1706121282208963e-10,1.3536417325572071e+140,20.0
288,7.825440406799316,0.7091998090942064,1.8410966031475736e-15,414.81173025956156,414.81173025956156,7.236190793361318e-08,0.0,0.0,2.709420465762946e-09,4.1706121282208963e-10,4.512139108524024e+140,20.0
289,7.828598260879517,0.7091998090942064,1.8410966031475736e-15,414.81173025956156,414.81173025956156,7.236190793361318e-08,0.0,0.0,2.709420465762946e-09,4.1706121282208963e-10,1.504046369508008e+141,20.0
290,7.83174729347229,0.7091998090942064,1.8410966031475736e-15,414.81173025956156,414.81173025956156,7.236190793361318e-08,0.0,0.0,2.709420465762946e-09,4.1706121282208963e-10,5.013487898360027e+141,20.0
291,7.83490514755249,0.7091998090942064,1.8410966031475736e-15,414.81173025956156,414.81173025956156,7.236190793361318e-08,0.0,0.0,2.709420465762946e-09,4.1706121282208963e-10,1.6711626327866757e+142,20.0
292,7.838044166564941,0.7091998090942064,1.8410966031475736e-15,414.81173025956156,414.81173025956156,7.236190793361318e-08,0.0,0.0,2.709420465762946e-09,4.1706121282208963e-10,5.570542109288919e+142,20.0
293,7.841189384460449,0.7091998090942064,1.8410966031475736e-15,414.81173025956156,414.81173025956156,7.236190793361318e-08,0.0,0.0,2.709420465762946e-09,4.1706121282208963e-10,1.856847369762973e+143,20.0
294,7.84433650970459,0.7091998090942064,1.8410966031475736e-15,414.81173025956156,414.81173025956156,7.236190793361318e-08,0.0,0.0,2.709420465762946e-09,4.1706121282208963e-10,6.189491232543244e+143,20.0
295,7.847494840621948,0.7091998090942064,1.8410966031475736e-15,414.81173025956156,414.81173025956156,7.236190793361318e-08,0.0,0.0,2.709420465762946e-09,4.1706121282208963e-10,2.0631637441810815e+144,20.0
296,7.850652694702148,0.7091998090942064,1.8410966031475736e-15,414.81173025956156,414.81173025956156,7.236190793361318e-08,0.0,0.0,2.709420465762946e-09,4.1706121282208963e-10,6.877212480603605e+144,20.0
297,7.853806495666504,0.7091998090942064,1.8410966031475736e-15,414.81173025956156,414.81173025956156,7.236190793361318e-08,0.0,0.0,2.709420465762946e-09,4.1706121282208963e-10,2.2924041602012017e+145,20.0
298,7.8569488525390625,0.7091998090942064,1.8410966031475736e-15,414.81173025956156,414.81173025956156,7.236190793361318e-08,0.0,0.0,2.709420465762946e-09,4.1706121282208963e-10,7.641347200670672e+145,20.0
299,7.860109567642212,0.7091998090942064,1.8410966031475736e-15,414.81173025956156,414.81173025956156,7.236190793361318e-08,0.0,0.0,2.709420465762946e-09,4.1706121282208963e-10,2.547115733556891e+146,20.0
300,7.863255262374878,0.7091998090942064,1.8410966031475736e-15,414.81173025956156,414.81173025956156,7.236190793361318e-08,0.0,0.0,2.709420465762946e-09,4.1706121282208963e-10,8.49038577852297e+146,20.0
301,7.866409540176392,0.7091998090942064,1.8410966031475736e-15,414.81173025956156,414.81173025956156,7.236190793361318e-08,0.0,0.0,2.709420465762946e-09,4.1706121282208963e-10,2.8301285928409903e+147,20.0
302,7.869560956954956,0.7091998090942064,1.8410966031475736e-15,414.81173025956156,414.81173025956156,7.236190793361318e-08,0.0,0.0,2.709420465762946e-09,4.1706121282208963e-10,9.433761976136635e+147,20.0
303,7.872701168060303,0.7091998090942064,1.8410966031475736e-15,414.81173025956156,414.81173025956156,7.236190793361318e-08,0.0,0.0,2.709420465762946e-09,4.1706121282208963e-10,3.1445873253788787e+148,20.0
304,7.875860691070557,0.7091998090942064,1.8410966031475736e-15,414.81173025956156,414.81173025956156,7.236190793361318e-08,0.0,0.0,2.709420465762946e-09,4.1706121282208963e-10,1.0481957751262929e+149,20.0
305,7.879009246826172,0.7091998090942064,1.8410966031475736e-15,414.81173025956156,414.81173025956156,7.236190793361318e-08,0.0,0.0,2.709420465762946e-09,4.1706121282208963e-10,3.493985917087643e+149,20.0
306,7.882161617279053,0.7091998090942064,1.8410966031475736e-15,414.81173025956156,414.81173025956156,7.236190793361318e-08,0.0,0.0,2.709420465762946e-09,4.1706121282208963e-10,1.1646619723625478e+150,20.0
307,7.885313034057617,0.7091998090942064,1.8410966031475736e-15,414.81173025956156,414.81173025956156,7.236190793361318e-08,0.0,0.0,2.709420465762946e-09,4.1706121282208963e-10,3.882206574541826e+150,20.0
308,7.888469219207764,0.7091998090942064,1.8410966031475736e-15,414.81173025956156,414.81173025956156,7.236190793361318e-08,0.0,0.0,2.709420465762946e-09,4.1706121282208963e-10,1.2940688581806087e+151,20.0
309,7.891676425933838,0.7091998090942064,1.8410966031475736e-15,414.81173025956156,414.81173025956156,7.236190793361318e-08,0.0,0.0,2.709420465762946e-09,4.1706121282208963e-10,4.3135628606020293e+151,20.0
310,7.8948469161987305,0.7091998090942064,1.8410966031475736e-15,414.81173025956156,414.81173025956156,7.236190793361318e-08,0.0,0.0,2.709420465762946e-09,4.1706121282208963e-10,1.437854286867343e+152,20.0
311,7.898001670837402,0.7091998090942064,1.8410966031475736e-15,414.81173025956156,414.81173025956156,7.236190793361318e-08,0.0,0.0,2.709420465762946e-09,4.1706121282208963e-10,4.792847622891144e+152,20.0
312,7.901151180267334,0.7091998090942064,1.8410966031475736e-15,414.81173025956156,414.81173025956156,7.236190793361318e-08,0.0,0.0,2.709420465762946e-09,4.1706121282208963e-10,1.597615874297048e+153,20.0
313,7.904335021972656,0.7091998090942064,1.8410966031475736e-15,414.81173025956156,414.81173025956156,7.236190793361318e-08,0.0,0.0,2.709420465762946e-09,4.1706121282208963e-10,5.325386247656826e+153,20.0
314,7.907487154006958,0.7091998090942064,1.8410966031475736e-15,414.81173025956156,414.81173025956156,7.236190793361318e-08,0.0,0.0,2.709420465762946e-09,4.1706121282208963e-10,1.7751287492189422e+154,20.0
315,7.910674571990967,0.7091998090942064,1.8410966031475736e-15,414.81173025956156,414.81173025956156,7.236190793361318e-08,0.0,0.0,2.709420465762946e-09,4.1706121282208963e-10,5.917095830729807e+154,20.0
316,7.913824796676636,0.7091998090942064,1.8410966031475736e-15,414.81173025956156,414.81173025956156,7.236190793361318e-08,0.0,0.0,2.709420465762946e-09,4.1706121282208963e-10,1.9723652769099359e+155,20.0
317,7.91697359085083,0.7091998090942064,1.8410966031475736e-15,414.81173025956156,414.81173025956156,7.236190793361318e-08,0.0,0.0,2.709420465762946e-09,4.1706121282208963e-10,6.57455092303312e+155,20.0
318,7.920131206512451,0.7091998090942064,1.8410966031475736e-15,414.81173025956156,414.81173025956156,7.236190793361318e-08,0.0,0.0,2.709420465762946e-09,4.1706121282208963e-10,2.1915169743443735e+156,20.0
319,7.92327094078064,0.7091998090942064,1.8410966031475736e-15,414.81173025956156,414.81173025956156,7.236190793361318e-08,0.0,0.0,2.709420465762946e-09,4.1706121282208963e-10,7.305056581147912e+156,20.0
320,7.9264490604400635,0.7091998090942064,1.8410966031475736e-15,414.81173025956156,414.81173025956156,7.236190793361318e-08,0.0,0.0,2.709420465762946e-09,4.1706121282208963e-10,2.4350188603826375e+157,20.0
321,7.92958664894104,0.7091998090942064,1.8410966031475736e-15,414.81173025956156,414.81173025956156,7.236190793361318e-08,0.0,0.0,2.709420465762946e-09,4.1706121282208963e-10,8.116729534608792e+157,20.0
322,7.932731628417969,0.7091998090942064,1.8410966031475736e-15,414.81173025956156,414.81173025956156,7.236190793361318e-08,0.0,0.0,2.709420465762946e-09,4.1706121282208963e-10,2.705576511536264e+158,20.0
323,7.9358789920806885,0.7091998090942064,1.8410966031475736e-15,414.81173025956156,414.81173025956156,7.236190793361318e-08,0.0,0.0,2.709420465762946e-09,4.1706121282208963e-10,9.018588371787547e+158,20.0
324,7.939024448394775,0.7091998090942064,1.8410966031475736e-15,414.81173025956156,414.81173025956156,7.236190793361318e-08,0.0,0.0,2.709420465762946e-09,4.1706121282208963e-10,3.0061961239291823e+159,20.0
325,7.942160129547119,0.7091998090942064,1.8410966031475736e-15,414.81173025956156,414.81173025956156,7.236190793361318e-08,0.0,0.0,2.709420465762946e-09,4.1706121282208963e-10,1.0020653746430608e+160,20.0
326,7.945299863815308,0.7091998090942064,1.8410966031475736e-15,414.81173025956156,414.81173025956156,7.236190793361318e-08,0.0,0.0,2.709420465762946e-09,4.1706121282208963e-10,3.3402179154768695e+160,20.0
327,7.948440790176392,0.7091998090942064,1.8410966031475736e-15,414.81173025956156,414.81173025956156,7.236190793361318e-08,0.0,0.0,2.709420465762946e-09,4.1706121282208963e-10,1.1134059718256232e+161,20.0
328,7.951573371887207,0.7091998090942064,1.8410966031475736e-15,414.81173025956156,414.81173025956156,7.236190793361318e-08,0.0,0.0,2.709420465762946e-09,4.1706121282208963e-10,3.7113532394187444e+161,20.0
329,7.954723596572876,0.7091998090942064,1.8410966031475736e-15,414.81173025956156,414.81173025956156,7.236190793361318e-08,0.0,0.0,2.709420465762946e-09,4.1706121282208963e-10,1.2371177464729148e+162,20.0
330,8.194989919662476,0.7091998090942064,1.8410966031475736e-15,414.81173025956156,414.81173025956156,7.236190793361318e-08,0.0,0.0,2.709420465762946e-09,4.1706121282208963e-10,4.123725821576383e+162,20.0
331,8.433229684829712,0.7091998090942064,1.8410966031475736e-15,414.81173025956156,414.81173025956156,7.236190793361318e-08,0.0,0.0,2.709420465762946e-09,4.1706121282208963e-10,1.3745752738587943e+163,20.0
332,8.669701099395752,0.7091998090942064,1.8410966031475736e-15,414.81173025956156,414.81173025956156,7.236190793361318e-08,0.0,0.0,2.709420465762946e-09,4.1706121282208963e-10,4.5819175795293147e+163,20.0
333,8.907118082046509,0.7091998090942064,1.8410966031475736e-15,414.81173025956156,414.81173025956156,7.236190793361318e-08,0.0,0.0,2.709420465762946e-09,4.1706121282208963e-10,1.527305859843105e+164,20.0
334,9.143289804458618,0.7091998090942064,1.8410966031475736e-15,414.81173025956156,414.81173025956156,7.236190793361318e-08,0.0,0.0,2.709420465762946e-09,4.1706121282208963e-10,5.09101953281035e+164,20.0
335,9.37961459159851,0.7091998090942064,1.8410966031475736e-15,414.81173025956156,414.81173025956156,7.236190793361318e-08,0.0,0.0,2.709420465762946e-09,4.1706121282208963e-10,1.6970065109367833e+165,20.0
336,9.615730047225952,0.7091998090942064,1.8410966031475736e-15,414.81173025956156,414.81173025956156,7.236190793361318e-08,0.0,0.0,2.709420465762946e-09,4.1706121282208963e-10,5.6566883697892775e+165,20.0
337,9.853548765182495,0.7091998090942064,1.8410966031475736e-15,414.81173025956156,414.81173025956156,7.236190793361318e-08,0.0,0.0,2.709420465762946e-09,4.1706121282208963e-10,1.8855627899297593e+166,20.0
338,10.091506004333496,0.7091998090942064,1.8410966031475736e-15,414.81173025956156,414.81173025956156,7.236190793361318e-08,0.0,0.0,2.709420465762946e-09,4.1706121282208963e-10,6.285209299765865e+166,20.0
339,10.330055713653564,0.7091998090942064,1.8410966031475736e-15,414.81173025956156,414.81173025956156,7.236190793361318e-08,0.0,0.0,2.709420465762946e-09,4.1706121282208963e-10,2.0950697665886217e+167,20.0
340,10.567474842071533,0.7091998090942064,1.8410966031475736e-15,414.81173025956156,414.81173025956156,7.236190793361318e-08,0.0,0.0,2.709420465762946e-09,4.1706121282208963e-10,6.983565888628739e+167,20.0
341,10.80486798286438,0.7091998090942064,1.8410966031475736e-15,414.81173025956156,414.81173025956156,7.236190793361318e-08,0.0,0.0,2.709420465762946e-09,4.1706121282208963e-10,2.32785529620958e+168,20.0
342,11.040684223175049,0.7091998090942064,1.8410966031475736e-15,414.81173025956156,414.81173025956156,7.236190793361318e-08,0.0,0.0,2.709420465762946e-09,4.1706121282208963e-10,7.759517654031933e+168,20.0
343,11.276541709899902,0.7091998090942064,1.8410966031475736e-15,414.81173025956156,414.81173025956156,7.236190793361318e-08,0.0,0.0,2.709420465762946e-09,4.1706121282208963e-10,2.586505884677311e+169,20.0
344,11.512041330337524,0.7091998090942064,1.8410966031475736e-15,414.81173025956156,414.81173025956156,7.236190793361318e-08,0.0,0.0,2.709420465762946e-09,4.1706121282208963e-10,8.621686282257703e+169,20.0
345,11.747911214828491,0.7091998090942064,1.8410966031475736e-15,414.81173025956156,414.81173025956156,7.236190793361318e-08,0.0,0.0,2.709420465762946e-09,4.1706121282208963e-10,2.8738954274192345e+170,20.0
346,11.985273838043213,0.7091998090942064,1.8410966031475736e-15,414.81173025956156,414.81173025956156,7.236190793361318e-08,0.0,0.0,2.709420465762946e-09,4.1706121282208963e-10,9.579651424730782e+170,20.0
347,12.230148315429688,0.7091998090942064,1.8410966031475736e-15,414.81173025956156,414.81173025956156,7.236190793361318e-08,0.0,0.0,2.709420465762946e-09,4.1706121282208963e-10,3.1932171415769273e+171,20.0
348,12.466585874557495,0.7091998090942064,1.8410966031475736e-15,414.81173025956156,414.81173025956156,7.236190793361318e-08,0.0,0.0,2.709420465762946e-09,4.1706121282208963e-10,1.0644057138589759e+172,20.0
349,12.7032310962677,0.7091998090942064,1.8410966031475736e-15,414.81173025956156,414.81173025956156,7.236190793361318e-08,0.0,0.0,2.709420465762946e-09,4.1706121282208963e-10,3.548019046196586e+172,20.0
350,12.939861059188843,0.7091998090942064,1.8410966031475736e-15,414.81173025956156,414.81173025956156,7.236190793361318e-08,0.0,0.0,2.709420465762946e-09,4.1706121282208963e-10,1.1826730153988622e+173,20.0
351,13.177894353866577,0.7091998090942064,1.8410966031475736e-15,414.81173025956156,414.81173025956156,7.236190793361318e-08,0.0,0.0,2.709420465762946e-09,4.1706121282208963e-10,3.942243384662874e+173,20.0
352,13.413290977478027,0.7091998090942064,1.8410966031475736e-15,414.81173025956156,414.81173025956156,7.236190793361318e-08,0.0,0.0,2.709420465762946e-09,4.1706121282208963e-10,1.314081128220958e+174,20.0
353,13.650421142578125,0.7091998090942064,1.8410966031475736e-15,414.81173025956156,414.81173025956156,7.236190793361318e-08,0.0,0.0,2.709420465762946e-09,4.1706121282208963e-10,4.380270427403194e+174,20.0
354,13.887237310409546,0.7091998090942064,1.8410966031475736e-15,414.81173025956156,414.81173025956156,7.236190793361318e-08,0.0,0.0,2.709420465762946e-09,4.1706121282208963e-10,1.4600901424677314e+175,20.0
355,14.126379251480103,0.7091998090942064,1.8410966031475736e-15,414.81173025956156,414.81173025956156,7.236190793361318e-08,0.0,0.0,2.709420465762946e-09,4.1706121282208963e-10,4.866967141559105e+175,20.0
356,14.362430095672607,0.7091998090942064,1.8410966031475736e-15,414.81173025956156,414.81173025956156,7.236190793361318e-08,0.0,0.0,2.709420465762946e-09,4.1706121282208963e-10,1.6223223805197017e+176,20.0
357,14.601376056671143,0.7091998090942064,1.8410966031475736e-15,414.81173025956156,414.81173025956156,7.236190793361318e-08,0.0,0.0,2.709420465762946e-09,4.1706121282208963e-10,5.407741268399007e+176,20.0
358,14.838218212127686,0.7091998090942064,1.8410966031475736e-15,414.81173025956156,414.81173025956156,7.236190793361318e-08,0.0,0.0,2.709420465762946e-09,4.1706121282208963e-10,1.802580422799669e+177,20.0
359,15.074466228485107,0.7091998090942064,1.8410966031475736e-15,414.81173025956156,414.81173025956156,7.236190793361318e-08,0.0,0.0,2.709420465762946e-09,4.1706121282208963e-10,6.00860140933223e+177,20.0
360,15.311160564422607,0.7091998090942064,1.8410966031475736e-15,414.81173025956156,414.81173025956156,7.236190793361318e-08,0.0,0.0,2.709420465762946e-09,4.1706121282208963e-10,2.002867136444077e+178,20.0
361,15.547929286956787,0.7091998090942064,1.8410966031475736e-15,414.81173025956156,414.81173025956156,7.236190793361318e-08,0.0,0.0,2.709420465762946e-09,4.1706121282208963e-10,6.676223788146923e+178,20.0
362,15.783694744110107,0.7091998090942064,1.8410966031475736e-15,414.81173025956156,414.81173025956156,7.236190793361318e-08,0.0,0.0,2.709420465762946e-09,4.1706121282208963e-10,2.2254079293823076e+179,20.0
363,16.01943612098694,0.7091998090942064,1.8410966031475736e-15,414.81173025956156,414.81173025956156,7.236190793361318e-08,0.0,0.0,2.709420465762946e-09,4.1706121282208963e-10,7.418026431274359e+179,20.0
364,16.254666566848755,0.7091998090942064,1.8410966031475736e-15,414.81173025956156,414.81173025956156,7.236190793361318e-08,0.0,0.0,2.709420465762946e-09,4.1706121282208963e-10,2.4726754770914533e+180,20.0
365,16.490973234176636,0.7091998090942064,1.8410966031475736e-15,414.81173025956156,414.81173025956156,7.236190793361318e-08,0.0,0.0,2.709420465762946e-09,4.1706121282208963e-10,8.242251590304845e+180,20.0
366,16.726243495941162,0.7091998090942064,1.8410966031475736e-15,414.81173025956156,414.81173025956156,7.236190793361318e-08,0.0,0.0,2.709420465762946e-09,4.1706121282208963e-10,2.7474171967682818e+181,20.0
367,16.962920427322388,0.7091998090942064,1.8410966031475736e-15,414.81173025956156,414.81173025956156,7.236190793361318e-08,0.0,0.0,2.709420465762946e-09,4.1706121282208963e-10,9.15805732256094e+181,20.0
368,17.198809146881104,0.7091998090942064,1.8410966031475736e-15,414.81173025956156,414.81173025956156,7.236190793361318e-08,0.0,0.0,2.709420465762946e-09,4.1706121282208963e-10,3.05268577418698e+182,20.0
369,17.434909343719482,0.7091998090942064,1.8410966031475736e-15,414.81173025956156,414.81173025956156,7.236190793361318e-08,0.0,0.0,2.709420465762946e-09,4.1706121282208963e-10,1.0175619247289935e+183,20.0
370,17.67156720161438,0.7091998090942064,1.8410966031475736e-15,414.81173025956156,414.81173025956156,7.236190793361318e-08,0.0,0.0,2.709420465762946e-09,4.1706121282208963e-10,3.3918730824299784e+183,20.0
371,17.908506155014038,0.7091998090942064,1.8410966031475736e-15,414.81173025956156,414.81173025956156,7.236190793361318e-08,0.0,0.0,2.709420465762946e-09,4.1706121282208963e-10,1.1306243608099929e+184,20.0
372,18.14462900161743,0.7091998090942064,1.8410966031475736e-15,414.81173025956156,414.81173025956156,7.236190793361318e-08,0.0,0.0,2.709420465762946e-09,4.1706121282208963e-10,3.768747869366643e+184,20.0
373,18.38060450553894,0.7091998090942064,1.8410966031475736e-15,414.81173025956156,414.81173025956156,7.236190793361318e-08,0.0,0.0,2.709420465762946e-09,4.1706121282208963e-10,1.256249289788881e+185,20.0
374,18.61631441116333,0.7091998090942064,1.8410966031475736e-15,414.81173025956156,414.81173025956156,7.236190793361318e-08,0.0,0.0,2.709420465762946e-09,4.1706121282208963e-10,4.1874976326296035e+185,20.0
375,18.853336095809937,0.7091998090942064,1.8410966031475736e-15,414.81173025956156,414.81173025956156,7.236190793361318e-08,0.0,0.0,2.709420465762946e-09,4.1706121282208963e-10,1.395832544209868e+186,20.0
376,19.08947777748108,0.7091998090942064,1.8410966031475736e-15,414.81173025956156,414.81173025956156,7.236190793361318e-08,0.0,0.0,2.709420465762946e-09,4.1706121282208963e-10,4.652775147366226e+186,20.0
377,19.32722783088684,0.7091998090942064,1.8410966031475736e-15,414.81173025956156,414.81173025956156,7.236190793361318e-08,0.0,0.0,2.709420465762946e-09,4.1706121282208963e-10,1.5509250491220754e+187,20.0
378,19.56347346305847,0.7091998090942064,1.8410966031475736e-15,414.81173025956156,414.81173025956156,7.236190793361318e-08,0.0,0.0,2.709420465762946e-09,4.1706121282208963e-10,5.1697501637402515e+187,20.0
379,19.801469087600708,0.7091998090942064,1.8410966031475736e-15,414.81173025956156,414.81173025956156,7.236190793361318e-08,0.0,0.0,2.709420465762946e-09,4.1706121282208963e-10,1.723250054580084e+188,20.0
380,20.037028074264526,0.7091998090942064,1.8410966031475736e-15,414.81173025956156,414.81173025956156,7.236190793361318e-08,0.0,0.0,2.709420465762946e-09,4.1706121282208963e-10,5.74416684860028e+188,20.0
381,20.273969650268555,0.7091998090942064,1.8410966031475736e-15,414.81173025956156,414.81173025956156,7.236190793361318e-08,0.0,0.0,2.709420465762946e-09,4.1706121282208963e-10,1.9147222828667602e+189,20.0
382,20.509190320968628,0.7091998090942064,1.8410966031475736e-15,414.81173025956156,414.81173025956156,7.236190793361318e-08,0.0,0.0,2.709420465762946e-09,4.1706121282208963e-10,6.382407609555867e+189,20.0
383,20.74530005455017,0.7091998090942064,1.8410966031475736e-15,414.81173025956156,414.81173025956156,7.236190793361318e-08,0.0,0.0,2.709420465762946e-09,4.1706121282208963e-10,2.127469203185289e+190,20.0
384,20.980846405029297,0.7091998090942064,1.8410966031475736e-15,414.81173025956156,414.81173025956156,7.236190793361318e-08,0.0,0.0,2.709420465762946e-09,4.1706121282208963e-10,7.09156401061763e+190,20.0
385,21.216727018356323,0.7091998090942064,1.8410966031475736e-15,414.81173025956156,414.81173025956156,7.236190793361318e-08,0.0,0.0,2.709420465762946e-09,4.1706121282208963e-10,2.3638546702058767e+191,20.0
386,21.452522039413452,0.7091998090942064,1.8410966031475736e-15,414.81173025956156,414.81173025956156,7.236190793361318e-08,0.0,0.0,2.709420465762946e-09,4.1706121282208963e-10,7.879515567352922e+191,20.0
387,21.688255548477173,0.7091998090942064,1.8410966031475736e-15,414.81173025956156,414.81173025956156,7.236190793361318e-08,0.0,0.0,2.709420465762946e-09,4.1706121282208963e-10,2.626505189117641e+192,20.0
388,21.92365789413452,0.7091998090942064,1.8410966031475736e-15,414.81173025956156,414.81173025956156,7.236190793361318e-08,0.0,0.0,2.709420465762946e-09,4.1706121282208963e-10,8.755017297058803e+192,20.0
389,22.16910409927368,0.7091998090942064,1.8410966031475736e-15,414.81173025956156,414.81173025956156,7.236190793361318e-08,0.0,0.0,2.709420465762946e-09,4.1706121282208963e-10,2.918339099019601e+193,20.0
390,22.40601134300232,0.7091998090942064,1.8410966031475736e-15,414.81173025956156,414.81173025956156,7.236190793361318e-08,0.0,0.0,2.709420465762946e-09,4.1706121282208963e-10,9.727796996732004e+193,20.0
391,22.642744064331055,0.7091998090942064,1.8410966031475736e-15,414.81173025956156,414.81173025956156,7.236190793361318e-08,0.0,0.0,2.709420465762946e-09,4.1706121282208963e-10,3.2425989989106685e+194,20.0
392,22.877808332443237,0.7091998090942064,1.8410966031475736e-15,414.81173025956156,414.81173025956156,7.236190793361318e-08,0.0,0.0,2.709420465762946e-09,4.1706121282208963e-10,1.0808663329702228e+195,20.0
393,23.11504554748535,0.7091998090942064,1.8410966031475736e-15,414.81173025956156,414.81173025956156,7.236190793361318e-08,0.0,0.0,2.709420465762946e-09,4.1706121282208963e-10,3.6028877765674094e+195,20.0
394,23.350353240966797,0.7091998090942064,1.8410966031475736e-15,414.81173025956156,414.81173025956156,7.236190793361318e-08,0.0,0.0,2.709420465762946e-09,4.1706121282208963e-10,1.2009625921891366e+196,20.0
395,23.58815336227417,0.7091998090942064,1.8410966031475736e-15,414.81173025956156,414.81173025956156,7.236190793361318e-08,0.0,0.0,2.709420465762946e-09,4.1706121282208963e-10,4.003208640630456e+196,20.0
396,23.82595920562744,0.7091998090942064,1.8410966031475736e-15,414.81173025956156,414.81173025956156,7.236190793361318e-08,0.0,0.0,2.709420465762946e-09,4.1706121282208963e-10,1.334402880210152e+197,20.0
397,24.081626176834106,0.7091998090942064,1.8410966031475736e-15,414.81173025956156,414.81173025956156,7.236190793361318e-08,0.0,0.0,2.709420465762946e-09,4.1706121282208963e-10,4.448009600700507e+197,20.0
398,24.317928552627563,0.7091998090942064,1.8410966031475736e-15,414.81173025956156,414.81173025956156,7.236190793361318e-08,0.0,0.0,2.709420465762946e-09,4.1706121282208963e-10,1.482669866900169e+198,20.0
399,24.565979719161987,0.7091998090942064,1.8410966031475736e-15,414.81173025956156,414.81173025956156,7.236190793361318e-08,0.0,0.0,2.709420465762946e-09,4.1706121282208963e-10,4.94223288966723e+198,20.0
400,24.803404808044434,0.7091998090942064,1.8410966031475736e-15,414.81173025956156,414.81173025956156,7.236190793361318e-08,0.0,0.0,2.709420465762946e-09,4.1706121282208963e-10,1.6474109632224101e+199,20.0
401,25.04091477394104,0.7091998090942064,1.8410966031475736e-15,414.81173025956156,414.81173025956156,7.236190793361318e-08,0.0,0.0,2.709420465762946e-09,4.1706121282208963e-10,5.491369877408034e+199,20.0
402,25.276857614517212,0.7091998090942064,1.8410966031475736e-15,414.81173025956156,414.81173025956156,7.236190793361318e-08,0.0,0.0,2.709420465762946e-09,4.1706121282208963e-10,1.830456625802678e+200,20.0
403,25.512885332107544,0.7091998090942064,1.8410966031475736e-15,414.81173025956156,414.81173025956156,7.236190793361318e-08,0.0,0.0,2.709420465762946e-09,4.1706121282208963e-10,6.101522086008927e+200,20.0
404,25.748926639556885,0.7091998090942064,1.8410966031475736e-15,414.81173025956156,414.81173025956156,7.236190793361318e-08,0.0,0.0,2.709420465762946e-09,4.1706121282208963e-10,2.0338406953363093e+201,20.0
405,25.985982418060303,0.7091998090942064,1.8410966031475736e-15,414.81173025956156,414.81173025956156,7.236190793361318e-08,0.0,0.0,2.709420465762946e-09,4.1706121282208963e-10,6.779468984454365e+201,20.0
406,26.222161054611206,0.7091998090942064,1.8410966031475736e-15,414.81173025956156,414.81173025956156,7.236190793361318e-08,0.0,0.0,2.709420465762946e-09,4.1706121282208963e-10,2.259822994818122e+202,20.0
407,26.458821058273315,0.7091998090942064,1.8410966031475736e-15,414.81173025956156,414.81173025956156,7.236190793361318e-08,0.0,0.0,2.709420465762946e-09,4.1706121282208963e-10,7.532743316060406e+202,20.0
408,26.693690061569214,0.7091998090942064,1.8410966031475736e-15,414.81173025956156,414.81173025956156,7.236190793361318e-08,0.0,0.0,2.709420465762946e-09,4.1706121282208963e-10,2.5109144386868022e+203,20.0
409,26.92933225631714,0.7091998090942064,1.8410966031475736e-15,414.81173025956156,414.81173025956156,7.236190793361318e-08,0.0,0.0,2.709420465762946e-09,4.1706121282208963e-10,8.369714795622674e+203,20.0
410,27.164613008499146,0.7091998090942064,1.8410966031475736e-15,414.81173025956156,414.81173025956156,7.236190793361318e-08,0.0,0.0,2.709420465762946e-09,4.1706121282208963e-10,2.789904931874225e+204,20.0
411,27.400694370269775,0.7091998090942064,1.8410966031475736e-15,414.81173025956156,414.81173025956156,7.236190793361318e-08,0.0,0.0,2.709420465762946e-09,4.1706121282208963e-10,9.299683106247418e+204,20.0
412,27.63769555091858,0.7091998090942064,1.8410966031475736e-15,414.81173025956156,414.81173025956156,7.236190793361318e-08,0.0,0.0,2.709420465762946e-09,4.1706121282208963e-10,3.099894368749139e+205,20.0
413,27.8744056224823,0.7091998090942064,1.8410966031475736e-15,414.81173025956156,414.81173025956156,7.236190793361318e-08,0.0,0.0,2.709420465762946e-09,4.1706121282208963e-10,1.0332981229163797e+206,20.0
414,28.11117172241211,0.7091998090942064,1.8410966031475736e-15,414.81173025956156,414.81173025956156,7.236190793361318e-08,0.0,0.0,2.709420465762946e-09,4.1706121282208963e-10,3.444327076387932e+206,20.0
415,28.347804307937622,0.7091998090942064,1.8410966031475736e-15,414.81173025956156,414.81173025956156,7.236190793361318e-08,0.0,0.0,2.709420465762946e-09,4.1706121282208963e-10,1.1481090254626441e+207,20.0
416,28.583145141601562,0.7091998090942064,1.8410966031475736e-15,414.81173025956156,414.81173025956156,7.236190793361318e-08,0.0,0.0,2.709420465762946e-09,4.1706121282208963e-10,3.8270300848754803e+207,20.0
417,28.81940484046936,0.7091998090942064,1.8410966031475736e-15,414.81173025956156,414.81173025956156,7.236190793361318e-08,0.0,0.0,2.709420465762946e-09,4.1706121282208963e-10,1.2756766949584936e+208,20.0
418,29.05552363395691,0.7091998090942064,1.8410966031475736e-15,414.81173025956156,414.81173025956156,7.236190793361318e-08,0.0,0.0,2.709420465762946e-09,4.1706121282208963e-10,4.252255649861646e+208,20.0
419,29.292099952697754,0.7091998090942064,1.8410966031475736e-15,414.81173025956156,414.81173025956156,7.236190793361318e-08,0.0,0.0,2.709420465762946e-09,4.1706121282208963e-10,1.417418549953882e+209,20.0
420,29.527137756347656,0.7091998090942064,1.8410966031475736e-15,414.81173025956156,414.81173025956156,7.236190793361318e-08,0.0,0.0,2.709420465762946e-09,4.1706121282208963e-10,4.724728499846274e+209,20.0
421,29.764309406280518,0.7091998090942064,1.8410966031475736e-15,414.81173025956156,414.81173025956156,7.236190793361318e-08,0.0,0.0,2.709420465762946e-09,4.1706121282208963e-10,1.574909499948758e+210,20.0
422,30.000467777252197,0.7091998090942064,1.8410966031475736e-15,414.81173025956156,414.81173025956156,7.236190793361318e-08,0.0,0.0,2.709420465762946e-09,4.1706121282208963e-10,5.2496983331625266e+210,20.0
423,30.23714017868042,0.7091998090942064,1.8410966031475736e-15,414.81173025956156,414.81173025956156,7.236190793361318e-08,0.0,0.0,2.709420465762946e-09,4.1706121282208963e-10,1.7498994443875089e+211,20.0
424,30.473259925842285,0.7091998090942064,1.8410966031475736e-15,414.81173025956156,414.81173025956156,7.236190793361318e-08,0.0,0.0,2.709420465762946e-09,4.1706121282208963e-10,5.832998147958363e+211,20.0
425,30.70994758605957,0.7091998090942064,1.8410966031475736e-15,414.81173025956156,414.81173025956156,7.236190793361318e-08,0.0,0.0,2.709420465762946e-09,4.1706121282208963e-10,1.944332715986121e+212,20.0
426,30.9487144947052,0.7091998090942064,1.8410966031475736e-15,414.81173025956156,414.81173025956156,7.236190793361318e-08,0.0,0.0,2.709420465762946e-09,4.1706121282208963e-10,6.48110905328707e+212,20.0
427,31.19494390487671,0.7091998090942064,1.8410966031475736e-15,414.81173025956156,414.81173025956156,7.236190793361318e-08,0.0,0.0,2.709420465762946e-09,4.1706121282208963e-10,2.1603696844290234e+213,20.0
428,31.440659284591675,0.7091998090942064,1.8410966031475736e-15,414.81173025956156,414.81173025956156,7.236190793361318e-08,0.0,0.0,2.709420465762946e-09,4.1706121282208963e-10,7.201232281430078e+213,20.0
429,31.686654329299927,0.7091998090942064,1.8410966031475736e-15,414.81173025956156,414.81173025956156,7.236190793361318e-08,0.0,0.0,2.709420465762946e-09,4.1706121282208963e-10,2.400410760476693e+214,20.0
430,31.940631866455078,0.7091998090942064,1.8410966031475736e-15,414.81173025956156,414.81173025956156,7.236190793361318e-08,0.0,0.0,2.709420465762946e-09,4.1706121282208963e-10,8.001369201588977e+214,20.0
431,32.18734002113342,0.7091998090942064,1.8410966031475736e-15,414.81173025956156,414.81173025956156,7.236190793361318e-08,0.0,0.0,2.709420465762946e-09,4.1706121282208963e-10,2.6671230671963256e+215,20.0
432,32.43290853500366,0.7091998090942064,1.8410966031475736e-15,414.81173025956156,414.81173025956156,7.236190793361318e-08,0.0,0.0,2.709420465762946e-09,4.1706121282208963e-10,8.890410223987752e+215,20.0
433,32.68010640144348,0.7091998090942064,1.8410966031475736e-15,414.81173025956156,414.81173025956156,7.236190793361318e-08,0.0,0.0,2.709420465762946e-09,4.1706121282208963e-10,2.963470074662584e+216,20.0
434,32.92682242393494,0.7091998090942064,1.8410966031475736e-15,414.81173025956156,414.81173025956156,7.236190793361318e-08,0.0,0.0,2.709420465762946e-09,4.1706121282208963e-10,9.878233582208614e+216,20.0
435,33.173269748687744,0.7091998090942064,1.8410966031475736e-15,414.81173025956156,414.81173025956156,7.236190793361318e-08,0.0,0.0,2.709420465762946e-09,4.1706121282208963e-10,3.2927445274028716e+217,20.0
436,33.42092299461365,0.7091998090942064,1.8410966031475736e-15,414.81173025956156,414.81173025956156,7.236190793361318e-08,0.0,0.0,2.709420465762946e-09,4.1706121282208963e-10,1.0975815091342906e+218,20.0
437,33.668864250183105,0.7091998090942064,1.8410966031475736e-15,414.81173025956156,414.81173025956156,7.236190793361318e-08,0.0,0.0,2.709420465762946e-09,4.1706121282208963e-10,3.6586050304476356e+218,20.0
438,33.91632962226868,0.7091998090942064,1.8410966031475736e-15,414.81173025956156,414.81173025956156,7.236190793361318e-08,0.0,0.0,2.709420465762946e-09,4.1706121282208963e-10,1.2195350101492119e+219,20.0
439,34.16249918937683,0.7091998090942064,1.8410966031475736e-15,414.81173025956156,414.81173025956156,7.236190793361318e-08,0.0,0.0,2.709420465762946e-09,4.1706121282208963e-10,4.065116700497373e+219,20.0
440,34.410414695739746,0.7091998090942064,1.8410966031475736e-15,414.81173025956156,414.81173025956156,7.236190793361318e-08,0.0,0.0,2.709420465762946e-09,4.1706121282208963e-10,1.355038900165791e+220,20.0
441,34.657182693481445,0.7091998090942064,1.8410966031475736e-15,414.81173025956156,414.81173025956156,7.236190793361318e-08,0.0,0.0,2.709420465762946e-09,4.1706121282208963e-10,4.51679633388597e+220,20.0
442,34.90247821807861,0.7091998090942064,1.8410966031475736e-15,414.81173025956156,414.81173025956156,7.236190793361318e-08,0.0,0.0,2.709420465762946e-09,4.1706121282208963e-10,1.5055987779619902e+221,20.0
443,35.15444326400757,0.7091998090942064,1.8410966031475736e-15,414.81173025956156,414.81173025956156,7.236190793361318e-08,0.0,0.0,2.709420465762946e-09,4.1706121282208963e-10,5.0186625932066344e+221,20.0
444,35.40073084831238,0.7091998090942064,1.8410966031475736e-15,414.81173025956156,414.81173025956156,7.236190793361318e-08,0.0,0.0,2.709420465762946e-09,4.1706121282208963e-10,1.6728875310688782e+222,20.0
445,35.647223711013794,0.7091998090942064,1.8410966031475736e-15,414.81173025956156,414.81173025956156,7.236190793361318e-08,0.0,0.0,2.709420465762946e-09,4.1706121282208963e-10,5.576291770229594e+222,20.0
446,35.892826795578,0.7091998090942064,1.8410966031475736e-15,414.81173025956156,414.81173025956156,7.236190793361318e-08,0.0,0.0,2.709420465762946e-09,4.1706121282208963e-10,1.8587639234098648e+223,20.0
447,36.13953161239624,0.7091998090942064,1.8410966031475736e-15,414.81173025956156,414.81173025956156,7.236190793361318e-08,0.0,0.0,2.709420465762946e-09,4.1706121282208963e-10,6.19587974469955e+223,20.0
448,36.385239601135254,0.7091998090942064,1.8410966031475736e-15,414.81173025956156,414.81173025956156,7.236190793361318e-08,0.0,0.0,2.709420465762946e-09,4.1706121282208963e-10,2.0652932482331832e+224,20.0
449,36.63133907318115,0.7091998090942064,1.8410966031475736e-15,414.81173025956156,414.81173025956156,7.236190793361318e-08,0.0,0.0,2.709420465762946e-09,4.1706121282208963e-10,6.884310827443944e+224,20.0
450,36.87839221954346,0.7091998090942064,1.8410966031475736e-15,414.81173025956156,414.81173025956156,7.236190793361318e-08,0.0,0.0,2.709420465762946e-09,4.1706121282208963e-10,2.2947702758146483e+225,20.0
451,37.12511944770813,0.7091998090942064,1.8410966031475736e-15,414.81173025956156,414.81173025956156,7.236190793361318e-08,0.0,0.0,2.709420465762946e-09,4.1706121282208963e-10,7.649234252715494e+225,20.0
452,37.37124729156494,0.7091998090942064,1.8410966031475736e-15,414.81173025956156,414.81173025956156,7.236190793361318e-08,0.0,0.0,2.709420465762946e-09,4.1706121282208963e-10,2.549744750905165e+226,20.0
453,37.61639618873596,0.7091998090942064,1.8410966031475736e-15,414.81173025956156,414.81173025956156,7.236190793361318e-08,0.0,0.0,2.709420465762946e-09,4.1706121282208963e-10,8.499149169683883e+226,20.0
454,37.86263823509216,0.7091998090942064,1.8410966031475736e-15,414.81173025956156,414.81173025956156,7.236190793361318e-08,0.0,0.0,2.709420465762946e-09,4.1706121282208963e-10,2.833049723227961e+227,20.0
455,38.10938262939453,0.7091998090942064,1.8410966031475736e-15,414.81173025956156,414.81173025956156,7.236190793361318e-08,0.0,0.0,2.709420465762946e-09,4.1706121282208963e-10,9.443499077426537e+227,20.0
456,38.355671405792236,0.7091998090942064,1.8410966031475736e-15,414.81173025956156,414.81173025956156,7.236190793361318e-08,0.0,0.0,2.709420465762946e-09,4.1706121282208963e-10,3.147833025808846e+228,20.0
457,38.60210108757019,0.7091998090942064,1.8410966031475736e-15,414.81173025956156,414.81173025956156,7.236190793361318e-08,0.0,0.0,2.709420465762946e-09,4.1706121282208963e-10,1.0492776752696155e+229,20.0
458,38.84805941581726,0.7091998090942064,1.8410966031475736e-15,414.81173025956156,414.81173025956156,7.236190793361318e-08,0.0,0.0,2.709420465762946e-09,4.1706121282208963e-10,3.4975922508987186e+229,20.0
459,39.09393095970154,0.7091998090942064,1.8410966031475736e-15,414.81173025956156,414.81173025956156,7.236190793361318e-08,0.0,0.0,2.709420465762946e-09,4.1706121282208963e-10,1.1658640836329063e+230,20.0
460,39.339102029800415,0.7091998090942064,1.8410966031475736e-15,414.81173025956156,414.81173025956156,7.236190793361318e-08,0.0,0.0,2.709420465762946e-09,4.1706121282208963e-10,3.886213612109688e+230,20.0
461,39.58561086654663,0.7091998090942064,1.8410966031475736e-15,414.81173025956156,414.81173025956156,7.236190793361318e-08,0.0,0.0,2.709420465762946e-09,4.1706121282208963e-10,1.295404537369896e+231,20.0
462,39.83142113685608,0.7091998090942064,1.8410966031475736e-15,414.81173025956156,414.81173025956156,7.236190793361318e-08,0.0,0.0,2.709420465762946e-09,4.1706121282208963e-10,4.3180151245663206e+231,20.0
463,40.077508211135864,0.7091998090942064,1.8410966031475736e-15,414.81173025956156,414.81173025956156,7.236190793361318e-08,0.0,0.0,2.709420465762946e-09,4.1706121282208963e-10,1.4393383748554402e+232,20.0
464,40.3232147693634,0.7091998090942064,1.8410966031475736e-15,414.81173025956156,414.81173025956156,7.236190793361318e-08,0.0,0.0,2.709420465762946e-09,4.1706121282208963e-10,4.7977945828514675e+232,20.0
465,40.56909203529358,0.7091998090942064,1.8410966031475736e-15,414.81173025956156,414.81173025956156,7.236190793361318e-08,0.0,0.0,2.709420465762946e-09,4.1706121282208963e-10,1.5992648609504892e+233,20.0
466,40.81658864021301,0.7091998090942064,1.8410966031475736e-15,414.81173025956156,414.81173025956156,7.236190793361318e-08,0.0,0.0,2.709420465762946e-09,4.1706121282208963e-10,5.330882869834964e+233,20.0
467,41.0637743473053,0.7091998090942064,1.8410966031475736e-15,414.81173025956156,414.81173025956156,7.236190793361318e-08,0.0,0.0,2.709420465762946e-09,4.1706121282208963e-10,1.7769609566116546e+234,20.0
468,41.30902433395386,0.7091998090942064,1.8410966031475736e-15,414.81173025956156,414.81173025956156,7.236190793361318e-08,0.0,0.0,2.709420465762946e-09,4.1706121282208963e-10,5.923203188705515e+234,20.0
469,41.55582046508789,0.7091998090942064,1.8410966031475736e-15,414.81173025956156,414.81173025956156,7.236190793361318e-08,0.0,0.0,2.709420465762946e-09,4.1706121282208963e-10,1.9744010629018385e+235,20.0
470,41.80791616439819,0.7091998090942064,1.8410966031475736e-15,414.81173025956156,414.81173025956156,7.236190793361318e-08,0.0,0.0,2.709420465762946e-09,4.1706121282208963e-10,6.581336876339461e+235,20.0
471,42.05492448806763,0.7091998090942064,1.8410966031475736e-15,414.81173025956156,414.81173025956156,7.236190793361318e-08,0.0,0.0,2.709420465762946e-09,4.1706121282208963e-10,2.1937789587798206e+236,20.0
472,42.30094027519226,0.7091998090942064,1.8410966031475736e-15,414.81173025956156,414.81173025956156,7.236190793361318e-08,0.0,0.0,2.709420465762946e-09,4.1706121282208963e-10,7.312596529266069e+236,20.0
473,42.54850912094116,0.7091998090942064,1.8410966031475736e-15,414.81173025956156,414.81173025956156,7.236190793361318e-08,0.0,0.0,2.709420465762946e-09,4.1706121282208963e-10,2.437532176422023e+237,20.0
474,42.786664962768555,0.7091998090942064,1.8410966031475736e-15,414.81173025956156,414.81173025956156,7.236190793361318e-08,0.0,0.0,2.709420465762946e-09,4.1706121282208963e-10,8.125107254740077e+237,20.0
475,43.024651527404785,0.7091998090942064,1.8410966031475736e-15,414.81173025956156,414.81173025956156,7.236190793361318e-08,0.0,0.0,2.709420465762946e-09,4.1706121282208963e-10,2.708369084913359e+238,20.0
476,43.26095175743103,0.7091998090942064,1.8410966031475736e-15,414.81173025956156,414.81173025956156,7.236190793361318e-08,0.0,0.0,2.709420465762946e-09,4.1706121282208963e-10,9.027896949711197e+238,20.0
477,43.49924945831299,0.7091998090942064,1.8410966031475736e-15,414.81173025956156,414.81173025956156,7.236190793361318e-08,0.0,0.0,2.709420465762946e-09,4.1706121282208963e-10,3.009298983237066e+239,20.0
478,43.735281467437744,0.7091998090942064,1.8410966031475736e-15,414.81173025956156,414.81173025956156,7.236190793361318e-08,0.0,0.0,2.709420465762946e-09,4.1706121282208963e-10,1.003099661079022e+240,20.0
479,43.972524881362915,0.7091998090942064,1.8410966031475736e-15,414.81173025956156,414.81173025956156,7.236190793361318e-08,0.0,0.0,2.709420465762946e-09,4.1706121282208963e-10,3.343665536930074e+240,20.0
480,44.20865178108215,0.7091998090942064,1.8410966031475736e-15,414.81173025956156,414.81173025956156,7.236190793361318e-08,0.0,0.0,2.709420465762946e-09,4.1706121282208963e-10,1.1145551789766913e+241,20.0
481,44.45716667175293,0.7091998090942064,1.8410966031475736e-15,414.81173025956156,414.81173025956156,7.236190793361318e-08,0.0,0.0,2.709420465762946e-09,4.1706121282208963e-10,3.7151839299223043e+241,20.0
482,44.70105171203613,0.7091998090942064,1.8410966031475736e-15,414.81173025956156,414.81173025956156,7.236190793361318e-08,0.0,0.0,2.709420465762946e-09,4.1706121282208963e-10,1.2383946433074347e+242,20.0
483,44.937729835510254,0.7091998090942064,1.8410966031475736e-15,414.81173025956156,414.81173025956156,7.236190793361318e-08,0.0,0.0,2.709420465762946e-09,4.1706121282208963e-10,4.127982144358116e+242,20.0
484,45.173460960388184,0.7091998090942064,1.8410966031475736e-15,414.81173025956156,414.81173025956156,7.236190793361318e-08,0.0,0.0,2.709420465762946e-09,4.1706121282208963e-10,1.375994048119372e+243,20.0
485,45.40941071510315,0.7091998090942064,1.8410966031475736e-15,414.81173025956156,414.81173025956156,7.236190793361318e-08,0.0,0.0,2.709420465762946e-09,4.1706121282208963e-10,4.586646827064574e+243,20.0
486,45.645848512649536,0.7091998090942064,1.8410966031475736e-15,414.81173025956156,414.81173025956156,7.236190793361318e-08,0.0,0.0,2.709420465762946e-09,4.1706121282208963e-10,1.5288822756881914e+244,20.0
487,45.88267469406128,0.7091998090942064,1.8410966031475736e-15,414.81173025956156,414.81173025956156,7.236190793361318e-08,0.0,0.0,2.709420465762946e-09,4.1706121282208963e-10,5.096274252293972e+244,20.0
488,46.11802840232849,0.7091998090942064,1.8410966031475736e-15,414.81173025956156,414.81173025956156,7.236190793361318e-08,0.0,0.0,2.709420465762946e-09,4.1706121282208963e-10,1.6987580840979907e+245,20.0
489,46.3537859916687,0.7091998090942064,1.8410966031475736e-15,414.81173025956156,414.81173025956156,7.236190793361318e-08,0.0,0.0,2.709420465762946e-09,4.1706121282208963e-10,5.662526946993303e+245,20.0
490,46.58883213996887,0.7091998090942064,1.8410966031475736e-15,414.81173025956156,414.81173025956156,7.236190793361318e-08,0.0,0.0,2.709420465762946e-09,4.1706121282208963e-10,1.8875089823311012e+246,20.0
491,46.8251428604126,0.7091998090942064,1.8410966031475736e-15,414.81173025956156,414.81173025956156,7.236190793361318e-08,0.0,0.0,2.709420465762946e-09,4.1706121282208963e-10,6.291696607770338e+246,20.0
492,47.06081938743591,0.7091998090942064,1.8410966031475736e-15,414.81173025956156,414.81173025956156,7.236190793361318e-08,0.0,0.0,2.709420465762946e-09,4.1706121282208963e-10,2.0972322025901127e+247,20.0
493,47.29766631126404,0.7091998090942064,1.8410966031475736e-15,414.81173025956156,414.81173025956156,7.236190793361318e-08,0.0,0.0,2.709420465762946e-09,4.1706121282208963e-10,6.990774008633709e+247,20.0
494,47.53307604789734,0.7091998090942064,1.8410966031475736e-15,414.81173025956156,414.81173025956156,7.236190793361318e-08,0.0,0.0,2.709420465762946e-09,4.1706121282208963e-10,2.330258002877903e+248,20.0
495,47.76951551437378,0.7091998090942064,1.8410966031475736e-15,414.81173025956156,414.81173025956156,7.236190793361318e-08,0.0,0.0,2.709420465762946e-09,4.1706121282208963e-10,7.767526676259676e+248,20.0
496,48.005964279174805,0.7091998090942064,1.8410966031475736e-15,414.81173025956156,414.81173025956156,7.236190793361318e-08,0.0,0.0,2.709420465762946e-09,4.1706121282208963e-10,2.5891755587532254e+249,20.0
497,48.24226355552673,0.7091998090942064,1.8410966031475736e-15,414.81173025956156,414.81173025956156,7.236190793361318e-08,0.0,0.0,2.709420465762946e-09,4.1706121282208963e-10,8.630585195844085e+249,20.0
498,48.47868084907532,0.7091998090942064,1.8410966031475736e-15,414.81173025956156,414.81173025956156,7.236190793361318e-08,0.0,0.0,2.709420465762946e-09,4.1706121282208963e-10,2.8768617319480284e+250,20.0
499,48.71522521972656,0.7091998090942064,1.8410966031475736e-15,414.81173025956156,414.81173025956156,7.236190793361318e-08,0.0,0.0,2.709420465762946e-09,4.1706121282208963e-10,9.589539106493428e+250,20.0
500,48.95147967338562,0.7091998090942064,1.8410966031475736e-15,414.81173025956156,414.81173025956156,7.236190793361318e-08,0.0,0.0,2.709420465762946e-09,4.1706121282208963e-10,3.1965130354978097e+251,20.0
501,49.18832325935364,0.7091998090942064,1.8410966031475736e-15,414.81173025956156,414.81173025956156,7.236190793361318e-08,0.0,0.0,2.709420465762946e-09,4.1706121282208963e-10,1.0655043451659367e+252,20.0
502,49.42529034614563,0.7091998090942064,1.8410966031475736e-15,414.81173025956156,414.81173025956156,7.236190793361318e-08,0.0,0.0,2.709420465762946e-09,4.1706121282208963e-10,3.5516811505531226e+252,20.0
503,49.66192674636841,0.7091998090942064,1.8410966031475736e-15,414.81173025956156,414.81173025956156,7.236190793361318e-08,0.0,0.0,2.709420465762946e-09,4.1706121282208963e-10,1.1838937168510409e+253,20.0
504,49.897900104522705,0.7091998090942064,1.8410966031475736e-15,414.81173025956156,414.81173025956156,7.236190793361318e-08,0.0,0.0,2.709420465762946e-09,4.1706121282208963e-10,3.94631238950347e+253,20.0
505,50.13487386703491,0.7091998090942064,1.8410966031475736e-15,414.81173025956156,414.81173025956156,7.236190793361318e-08,0.0,0.0,2.709420465762946e-09,4.1706121282208963e-10,1.3154374631678233e+254,20.0
506,50.37123727798462,0.7091998090942064,1.8410966031475736e-15,414.81173025956156,414.81173025956156,7.236190793361318e-08,0.0,0.0,2.709420465762946e-09,4.1706121282208963e-10,4.384791543892744e+254,20.0
507,50.60759687423706,0.7091998090942064,1.8410966031475736e-15,414.81173025956156,414.81173025956156,7.236190793361318e-08,0.0,0.0,2.709420465762946e-09,4.1706121282208963e-10,1.4615971812975815e+255,20.0
508,50.84373664855957,0.7091998090942064,1.8410966031475736e-15,414.81173025956156,414.81173025956156,7.236190793361318e-08,0.0,0.0,2.709420465762946e-09,4.1706121282208963e-10,4.871990604325272e+255,20.0
509,51.08090591430664,0.7091998090942064,1.8410966031475736e-15,414.81173025956156,414.81173025956156,7.236190793361318e-08,0.0,0.0,2.709420465762946e-09,4.1706121282208963e-10,1.6239968681084242e+256,20.0
510,51.31725573539734,0.7091998090942064,1.8410966031475736e-15,414.81173025956156,414.81173025956156,7.236190793361318e-08,0.0,0.0,2.709420465762946e-09,4.1706121282208963e-10,5.4133228936947474e+256,20.0
511,51.553794384002686,0.7091998090942064,1.8410966031475736e-15,414.81173025956156,414.81173025956156,7.236190793361318e-08,0.0,0.0,2.709420465762946e-09,4.1706121282208963e-10,1.804440964564916e+257,20.0
512,51.79895997047424,0.7091998090942064,1.8410966031475736e-15,414.81173025956156,414.81173025956156,7.236190793361318e-08,0.0,0.0,2.709420465762946e-09,4.1706121282208963e-10,6.014803215216387e+257,20.0
513,52.03593134880066,0.7091998090942064,1.8410966031475736e-15,414.81173025956156,414.81173025956156,7.236190793361318e-08,0.0,0.0,2.709420465762946e-09,4.1706121282208963e-10,2.004934405072129e+258,20.0
514,52.27188205718994,0.7091998090942064,1.8410966031475736e-15,414.81173025956156,414.81173025956156,7.236190793361318e-08,0.0,0.0,2.709420465762946e-09,4.1706121282208963e-10,6.683114683573764e+258,20.0
515,52.5076470375061,0.7091998090942064,1.8410966031475736e-15,414.81173025956156,414.81173025956156,7.236190793361318e-08,0.0,0.0,2.709420465762946e-09,4.1706121282208963e-10,2.227704894524588e+259,20.0
516,52.74493765830994,0.7091998090942064,1.8410966031475736e-15,414.81173025956156,414.81173025956156,7.236190793361318e-08,0.0,0.0,2.709420465762946e-09,4.1706121282208963e-10,7.425682981748627e+259,20.0
517,52.98181509971619,0.7091998090942064,1.8410966031475736e-15,414.81173025956156,414.81173025956156,7.236190793361318e-08,0.0,0.0,2.709420465762946e-09,4.1706121282208963e-10,2.475227660582876e+260,20.0
518,53.218151807785034,0.7091998090942064,1.8410966031475736e-15,414.81173025956156,414.81173025956156,7.236190793361318e-08,0.0,0.0,2.709420465762946e-09,4.1706121282208963e-10,8.250758868609587e+260,20.0
519,53.4555606842041,0.7091998090942064,1.8410966031475736e-15,414.81173025956156,414.81173025956156,7.236190793361318e-08,0.0,0.0,2.709420465762946e-09,4.1706121282208963e-10,2.7502529562031956e+261,20.0
520,53.69139075279236,0.7091998090942064,1.8410966031475736e-15,414.81173025956156,414.81173025956156,7.236190793361318e-08,0.0,0.0,2.709420465762946e-09,4.1706121282208963e-10,9.167509854010653e+261,20.0
521,53.929667711257935,0.7091998090942064,1.8410966031475736e-15,414.81173025956156,414.81173025956156,7.236190793361318e-08,0.0,0.0,2.709420465762946e-09,4.1706121282208963e-10,3.055836618003551e+262,20.0
522,54.1654486656189,0.7091998090942064,1.8410966031475736e-15,414.81173025956156,414.81173025956156,7.236190793361318e-08,0.0,0.0,2.709420465762946e-09,4.1706121282208963e-10,1.0186122060011837e+263,20.0
523,54.41313314437866,0.7091998090942064,1.8410966031475736e-15,414.81173025956156,414.81173025956156,7.236190793361318e-08,0.0,0.0,2.709420465762946e-09,4.1706121282208963e-10,3.3953740200039456e+263,20.0
524,54.64894723892212,0.7091998090942064,1.8410966031475736e-15,414.81173025956156,414.81173025956156,7.236190793361318e-08,0.0,0.0,2.709420465762946e-09,4.1706121282208963e-10,1.1317913400013152e+264,20.0
525,54.885289907455444,0.7091998090942064,1.8410966031475736e-15,414.81173025956156,414.81173025956156,7.236190793361318e-08,0.0,0.0,2.709420465762946e-09,4.1706121282208963e-10,3.772637800004384e+264,20.0
526,55.12090301513672,0.7091998090942064,1.8410966031475736e-15,414.81173025956156,414.81173025956156,7.236190793361318e-08,0.0,0.0,2.709420465762946e-09,4.1706121282208963e-10,1.2575459333347947e+265,20.0
527,55.357165813446045,0.7091998090942064,1.8410966031475736e-15,414.81173025956156,414.81173025956156,7.236190793361318e-08,0.0,0.0,2.709420465762946e-09,4.1706121282208963e-10,4.1918197777826494e+265,20.0
528,55.593676805496216,0.7091998090942064,1.8410966031475736e-15,414.81173025956156,414.81173025956156,7.236190793361318e-08,0.0,0.0,2.709420465762946e-09,4.1706121282208963e-10,1.3972732592608832e+266,20.0
529,55.82947063446045,0.7091998090942064,1.8410966031475736e-15,414.81173025956156,414.81173025956156,7.236190793361318e-08,0.0,0.0,2.709420465762946e-09,4.1706121282208963e-10,4.657577530869611e+266,20.0
530,56.06487250328064,0.7091998090942064,1.8410966031475736e-15,414.81173025956156,414.81173025956156,7.236190793361318e-08,0.0,0.0,2.709420465762946e-09,4.1706121282208963e-10,1.5525258436232038e+267,20.0
531,56.30079007148743,0.7091998090942064,1.8410966031475736e-15,414.81173025956156,414.81173025956156,7.236190793361318e-08,0.0,0.0,2.709420465762946e-09,4.1706121282208963e-10,5.1750861454106795e+267,20.0
532,56.53699088096619,0.7091998090942064,1.8410966031475736e-15,414.81173025956156,414.81173025956156,7.236190793361318e-08,0.0,0.0,2.709420465762946e-09,4.1706121282208963e-10,1.7250287151368934e+268,20.0
533,56.77402639389038,0.7091998090942064,1.8410966031475736e-15,414.81173025956156,414.81173025956156,7.236190793361318e-08,0.0,0.0,2.709420465762946e-09,4.1706121282208963e-10,5.7500957171229785e+268,20.0
534,57.01018166542053,0.7091998090942064,1.8410966031475736e-15,414.81173025956156,414.81173025956156,7.236190793361318e-08,0.0,0.0,2.709420465762946e-09,4.1706121282208963e-10,1.916698572374326e+269,20.0
535,57.24726486206055,0.7091998090942064,1.8410966031475736e-15,414.81173025956156,414.81173025956156,7.236190793361318e-08,0.0,0.0,2.709420465762946e-09,4.1706121282208963e-10,6.388995241247755e+269,20.0
536,57.48302459716797,0.7091998090942064,1.8410966031475736e-15,414.81173025956156,414.81173025956156,7.236190793361318e-08,0.0,0.0,2.709420465762946e-09,4.1706121282208963e-10,2.129665080415918e+270,20.0
537,57.71966338157654,0.7091998090942064,1.8410966031475736e-15,414.81173025956156,414.81173025956156,7.236190793361318e-08,0.0,0.0,2.709420465762946e-09,4.1706121282208963e-10,7.098883601386394e+270,20.0
538,57.955183267593384,0.7091998090942064,1.8410966031475736e-15,414.81173025956156,414.81173025956156,7.236190793361318e-08,0.0,0.0,2.709420465762946e-09,4.1706121282208963e-10,2.366294533795465e+271,20.0
539,58.19078063964844,0.7091998090942064,1.8410966031475736e-15,414.81173025956156,414.81173025956156,7.236190793361318e-08,0.0,0.0,2.709420465762946e-09,4.1706121282208963e-10,7.887648445984883e+271,20.0
540,58.426448822021484,0.7091998090942064,1.8410966031475736e-15,414.81173025956156,414.81173025956156,7.236190793361318e-08,0.0,0.0,2.709420465762946e-09,4.1706121282208963e-10,2.629216148661628e+272,20.0
541,58.6634202003479,0.7091998090942064,1.8410966031475736e-15,414.81173025956156,414.81173025956156,7.236190793361318e-08,0.0,0.0,2.709420465762946e-09,4.1706121282208963e-10,8.764053828872093e+272,20.0
542,58.89968299865723,0.7091998090942064,1.8410966031475736e-15,414.81173025956156,414.81173025956156,7.236190793361318e-08,0.0,0.0,2.709420465762946e-09,4.1706121282208963e-10,2.921351276290698e+273,20.0
543,59.13568043708801,0.7091998090942064,1.8410966031475736e-15,414.81173025956156,414.81173025956156,7.236190793361318e-08,0.0,0.0,2.709420465762946e-09,4.1706121282208963e-10,9.73783758763566e+273,20.0
544,59.37315392494202,0.7091998090942064,1.8410966031475736e-15,414.81173025956156,414.81173025956156,7.236190793361318e-08,0.0,0.0,2.709420465762946e-09,4.1706121282208963e-10,3.2459458625452203e+274,20.0
545,59.61015200614929,0.7091998090942064,1.8410966031475736e-15,414.81173025956156,414.81173025956156,7.236190793361318e-08,0.0,0.0,2.709420465762946e-09,4.1706121282208963e-10,1.0819819541817402e+275,20.0
546,59.846519231796265,0.7091998090942064,1.8410966031475736e-15,414.81173025956156,414.81173025956156,7.236190793361318e-08,0.0,0.0,2.709420465762946e-09,4.1706121282208963e-10,3.606606513939134e+275,20.0
547,60.083839416503906,0.7091998090942064,1.8410966031475736e-15,414.81173025956156,414.81173025956156,7.236190793361318e-08,0.0,0.0,2.709420465762946e-09,4.1706121282208963e-10,1.2022021713130448e+276,20.0
548,60.3198447227478,0.7091998090942064,1.8410966031475736e-15,414.81173025956156,414.81173025956156,7.236190793361318e-08,0.0,0.0,2.709420465762946e-09,4.1706121282208963e-10,4.007340571043483e+276,20.0
549,60.55643701553345,0.7091998090942064,1.8410966031475736e-15,414.81173025956156,414.81173025956156,7.236190793361318e-08,0.0,0.0,2.709420465762946e-09,4.1706121282208963e-10,1.3357801903478278e+277,20.0
550,60.79176568984985,0.7091998090942064,1.8410966031475736e-15,414.81173025956156,414.81173025956156,7.236190793361318e-08,0.0,0.0,2.709420465762946e-09,4.1706121282208963e-10,4.4526006344927595e+277,20.0
551,61.02751684188843,0.7091998090942064,1.8410966031475736e-15,414.81173025956156,414.81173025956156,7.236190793361318e-08,0.0,0.0,2.709420465762946e-09,4.1706121282208963e-10,1.4842002114975865e+278,20.0
552,61.262609004974365,0.7091998090942064,1.8410966031475736e-15,414.81173025956156,414.81173025956156,7.236190793361318e-08,0.0,0.0,2.709420465762946e-09,4.1706121282208963e-10,4.947334038325289e+278,20.0
553,61.49854779243469,0.7091998090942064,1.8410966031475736e-15,414.81173025956156,414.81173025956156,7.236190793361318e-08,0.0,0.0,2.709420465762946e-09,4.1706121282208963e-10,1.6491113461084296e+279,20.0
554,61.74246406555176,0.7091998090942064,1.8410966031475736e-15,414.81173025956156,414.81173025956156,7.236190793361318e-08,0.0,0.0,2.709420465762946e-09,4.1706121282208963e-10,5.497037820361432e+279,20.0
555,61.98020935058594,0.7091998090942064,1.8410966031475736e-15,414.81173025956156,414.81173025956156,7.236190793361318e-08,0.0,0.0,2.709420465762946e-09,4.1706121282208963e-10,1.8323459401204775e+280,20.0
556,62.21656394004822,0.7091998090942064,1.8410966031475736e-15,414.81173025956156,414.81173025956156,7.236190793361318e-08,0.0,0.0,2.709420465762946e-09,4.1706121282208963e-10,6.107819800401592e+280,20.0
557,62.45323944091797,0.7091998090942064,1.8410966031475736e-15,414.81173025956156,414.81173025956156,7.236190793361318e-08,0.0,0.0,2.709420465762946e-09,4.1706121282208963e-10,2.0359399334671973e+281,20.0
558,62.69037747383118,0.7091998090942064,1.8410966031475736e-15,414.81173025956156,414.81173025956156,7.236190793361318e-08,0.0,0.0,2.709420465762946e-09,4.1706121282208963e-10,6.786466444890658e+281,20.0
559,62.92750811576843,0.7091998090942064,1.8410966031475736e-15,414.81173025956156,414.81173025956156,7.236190793361318e-08,0.0,0.0,2.709420465762946e-09,4.1706121282208963e-10,2.2621554816302195e+282,20.0
560,63.16444802284241,0.7091998090942064,1.8410966031475736e-15,414.81173025956156,414.81173025956156,7.236190793361318e-08,0.0,0.0,2.709420465762946e-09,4.1706121282208963e-10,7.540518272100732e+282,20.0
561,63.40227293968201,0.7091998090942064,1.8410966031475736e-15,414.81173025956156,414.81173025956156,7.236190793361318e-08,0.0,0.0,2.709420465762946e-09,4.1706121282208963e-10,2.513506090700244e+283,20.0
562,63.640257835388184,0.7091998090942064,1.8410966031475736e-15,414.81173025956156,414.81173025956156,7.236190793361318e-08,0.0,0.0,2.709420465762946e-09,4.1706121282208963e-10,8.37835363566748e+283,20.0
563,63.8764386177063,0.7091998090942064,1.8410966031475736e-15,414.81173025956156,414.81173025956156,7.236190793361318e-08,0.0,0.0,2.709420465762946e-09,4.1706121282208963e-10,2.7927845452224936e+284,20.0
564,64.11409616470337,0.7091998090942064,1.8410966031475736e-15,414.81173025956156,414.81173025956156,7.236190793361318e-08,0.0,0.0,2.709420465762946e-09,4.1706121282208963e-10,9.309281817408312e+284,20.0
565,64.35353589057922,0.7091998090942064,1.8410966031475736e-15,414.81173025956156,414.81173025956156,7.236190793361318e-08,0.0,0.0,2.709420465762946e-09,4.1706121282208963e-10,3.1030939391361044e+285,20.0
566,64.59001564979553,0.7091998090942064,1.8410966031475736e-15,414.81173025956156,414.81173025956156,7.236190793361318e-08,0.0,0.0,2.709420465762946e-09,4.1706121282208963e-10,1.0343646463787016e+286,20.0
567,64.82668685913086,0.7091998090942064,1.8410966031475736e-15,414.81173025956156,414.81173025956156,7.236190793361318e-08,0.0,0.0,2.709420465762946e-09,4.1706121282208963e-10,3.447882154595672e+286,20.0
568,65.06971025466919,0.7091998090942064,1.8410966031475736e-15,414.81173025956156,414.81173025956156,7.236190793361318e-08,0.0,0.0,2.709420465762946e-09,4.1706121282208963e-10,1.1492940515318908e+287,20.0
569,65.30655813217163,0.7091998090942064,1.8410966031475736e-15,414.81173025956156,414.81173025956156,7.236190793361318e-08,0.0,0.0,2.709420465762946e-09,4.1706121282208963e-10,3.8309801717729694e+287,20.0
570,65.5432300567627,0.7091998090942064,1.8410966031475736e-15,414.81173025956156,414.81173025956156,7.236190793361318e-08,0.0,0.0,2.709420465762946e-09,4.1706121282208963e-10,1.27699339059099e+288,20.0
571,65.78005385398865,0.7091998090942064,1.8410966031475736e-15,414.81173025956156,414.81173025956156,7.236190793361318e-08,0.0,0.0,2.709420465762946e-09,4.1706121282208963e-10,4.2566446353033e+288,20.0
572,66.01611828804016,0.7091998090942064,1.8410966031475736e-15,414.81173025956156,414.81173025956156,7.236190793361318e-08,0.0,0.0,2.709420465762946e-09,4.1706121282208963e-10,1.4188815451011001e+289,20.0
573,66.25189518928528,0.7091998090942064,1.8410966031475736e-15,414.81173025956156,414.81173025956156,7.236190793361318e-08,0.0,0.0,2.709420465762946e-09,4.1706121282208963e-10,4.729605150337001e+289,20.0
574,66.4878625869751,0.7091998090942064,1.8410966031475736e-15,414.81173025956156,414.81173025956156,7.236190793361318e-08,0.0,0.0,2.709420465762946e-09,4.1706121282208963e-10,1.5765350501123336e+290,20.0
575,66.7235746383667,0.7091998090942064,1.8410966031475736e-15,414.81173025956156,414.81173025956156,7.236190793361318e-08,0.0,0.0,2.709420465762946e-09,4.1706121282208963e-10,5.255116833707779e+290,20.0
576,66.9588770866394,0.7091998090942064,1.8410966031475736e-15,414.81173025956156,414.81173025956156,7.236190793361318e-08,0.0,0.0,2.709420465762946e-09,4.1706121282208963e-10,1.7517056112359264e+291,20.0
577,67.19584488868713,0.7091998090942064,1.8410966031475736e-15,414.81173025956156,414.81173025956156,7.236190793361318e-08,0.0,0.0,2.709420465762946e-09,4.1706121282208963e-10,5.839018704119755e+291,20.0
578,67.4315083026886,0.7091998090942064,1.8410966031475736e-15,414.81173025956156,414.81173025956156,7.236190793361318e-08,0.0,0.0,2.709420465762946e-09,4.1706121282208963e-10,1.9463395680399186e+292,20.0
579,67.6677873134613,0.7091998090942064,1.8410966031475736e-15,414.81173025956156,414.81173025956156,7.236190793361318e-08,0.0,0.0,2.709420465762946e-09,4.1706121282208963e-10,6.487798560133062e+292,20.0
580,67.90329813957214,0.7091998090942064,1.8410966031475736e-15,414.81173025956156,414.81173025956156,7.236190793361318e-08,0.0,0.0,2.709420465762946e-09,4.1706121282208963e-10,2.162599520044354e+293,20.0
581,68.1393871307373,0.7091998090942064,1.8410966031475736e-15,414.81173025956156,414.81173025956156,7.236190793361318e-08,0.0,0.0,2.709420465762946e-09,4.1706121282208963e-10,7.208665066814514e+293,20.0
582,68.3753490447998,0.7091998090942064,1.8410966031475736e-15,414.81173025956156,414.81173025956156,7.236190793361318e-08,0.0,0.0,2.709420465762946e-09,4.1706121282208963e-10,2.402888355604838e+294,20.0
583,68.61241936683655,0.7091998090942064,1.8410966031475736e-15,414.81173025956156,414.81173025956156,7.236190793361318e-08,0.0,0.0,2.709420465762946e-09,4.1706121282208963e-10,8.009627852016126e+294,20.0
584,68.84834313392639,0.7091998090942064,1.8410966031475736e-15,414.81173025956156,414.81173025956156,7.236190793361318e-08,0.0,0.0,2.709420465762946e-09,4.1706121282208963e-10,2.669875950672042e+295,20.0
585,69.08506345748901,0.7091998090942064,1.8410966031475736e-15,414.81173025956156,414.81173025956156,7.236190793361318e-08,0.0,0.0,2.709420465762946e-09,4.1706121282208963e-10,8.899586502240141e+295,20.0
586,69.32911729812622,0.7091998090942064,1.8410966031475736e-15,414.81173025956156,414.81173025956156,7.236190793361318e-08,0.0,0.0,2.709420465762946e-09,4.1706121282208963e-10,2.9665288340800473e+296,20.0
587,69.56619453430176,0.7091998090942064,1.8410966031475736e-15,414.81173025956156,414.81173025956156,7.236190793361318e-08,0.0,0.0,2.709420465762946e-09,4.1706121282208963e-10,9.888429446933492e+296,20.0
588,69.80222296714783,0.7091998090942064,1.8410966031475736e-15,414.81173025956156,414.81173025956156,7.236190793361318e-08,0.0,0.0,2.709420465762946e-09,4.1706121282208963e-10,3.296143148977831e+297,20.0
589,70.03901362419128,0.7091998090942064,1.8410966031475736e-15,414.81173025956156,414.81173025956156,7.236190793361318e-08,0.0,0.0,2.709420465762946e-09,4.1706121282208963e-10,1.0987143829926103e+298,20.0
590,70.27487516403198,0.7091998090942064,1.8410966031475736e-15,414.81173025956156,414.81173025956156,7.236190793361318e-08,0.0,0.0,2.709420465762946e-09,4.1706121282208963e-10,3.6623812766420344e+298,20.0
591,70.51219081878662,0.7091998090942064,1.8410966031475736e-15,414.81173025956156,414.81173025956156,7.236190793361318e-08,0.0,0.0,2.709420465762946e-09,4.1706121282208963e-10,1.2207937588806781e+299,20.0
592,70.7475700378418,0.7091998090942064,1.8410966031475736e-15,414.81173025956156,414.81173025956156,7.236190793361318e-08,0.0,0.0,2.709420465762946e-09,4.1706121282208963e-10,4.0693125296022606e+299,20.0
593,70.98340797424316,0.7091998090942064,1.8410966031475736e-15,414.81173025956156,414.81173025956156,7.236190793361318e-08,0.0,0.0,2.709420465762946e-09,4.1706121282208963e-10,1.3564375098674203e+300,20.0
594,71.21876120567322,0.7091998090942064,1.8410966031475736e-15,414.81173025956156,414.81173025956156,7.236190793361318e-08,0.0,0.0,2.709420465762946e-09,4.1706121282208963e-10,4.5214583662247345e+300,20.0
595,71.45453262329102,0.7091998090942064,1.8410966031475736e-15,414.81173025956156,414.81173025956156,7.236190793361318e-08,0.0,0.0,2.709420465762946e-09,4.1706121282208963e-10,1.5071527887415783e+301,20.0
596,71.6991753578186,0.7091998090942064,1.8410966031475736e-15,414.81173025956156,414.81173025956156,7.236190793361318e-08,0.0,0.0,2.709420465762946e-09,4.1706121282208963e-10,5.023842629138595e+301,20.0
597,71.9365906715393,0.7091998090942064,1.8410966031475736e-15,414.81173025956156,414.81173025956156,7.236190793361318e-08,0.0,0.0,2.709420465762946e-09,4.1706121282208963e-10,1.6746142097128651e+302,20.0
598,72.17258763313293,0.7091998090942064,1.8410966031475736e-15,414.81173025956156,414.81173025956156,7.236190793361318e-08,0.0,0.0,2.709420465762946e-09,4.1706121282208963e-10,5.5820473657095506e+302,20.0
599,72.4089241027832,0.7091998090942064,1.8410966031475736e-15,414.81173025956156,414.81173025956156,7.236190793361318e-08,0.0,0.0,2.709420465762946e-09,4.1706121282208963e-10,1.860682455236517e+303,20.0
600,72.64551329612732,0.7091998090942064,1.8410966031475736e-15,414.81173025956156,414.81173025956156,7.236190793361318e-08,0.0,0.0,2.709420465762946e-09,4.1706121282208963e-10,6.202274850788391e+303,20.0
601,72.88216495513916,0.7091998090942064,1.8410966031475736e-15,414.81173025956156,414.81173025956156,7.236190793361318e-08,0.0,0.0,2.709420465762946e-09,4.1706121282208963e-10,2.067424950262797e+304,20.0
602,73.11915254592896,0.7091998090942064,1.8410966031475736e-15,414.81173025956156,414.81173025956156,7.236190793361318e-08,0.0,0.0,2.709420465762946e-09,4.1706121282208963e-10,6.89141650087599e+304,20.0
603,73.35676193237305,0.7091998090942064,1.8410966031475736e-15,414.81173025956156,414.81173025956156,7.236190793361318e-08,0.0,0.0,2.709420465762946e-09,4.1706121282208963e-10,2.29713883362533e+305,20.0
604,73.5934669971466,0.7091998090942064,1.8410966031475736e-15,414.81173025956156,414.81173025956156,7.236190793361318e-08,0.0,0.0,2.709420465762946e-09,4.1706121282208963e-10,7.657129445417767e+305,20.0
605,73.8304431438446,0.7091998090942064,1.8410966031475736e-15,414.81173025956156,414.81173025956156,7.236190793361318e-08,0.0,0.0,2.709420465762946e-09,4.1706121282208963e-10,2.5523764818059222e+306,20.0
606,74.06918597221375,0.7091998090942064,1.8410966031475736e-15,414.81173025956156,414.81173025956156,7.236190793361318e-08,0.0,0.0,2.709420465762946e-09,4.1706121282208963e-10,8.507921606019741e+306,20.0
607,74.3137755393982,0.7091998090942064,1.8410966031475736e-15,414.81173025956156,414.81173025956156,7.236190793361318e-08,0.0,0.0,2.709420465762946e-09,4.1706121282208963e-10,2.8359738686732473e+307,20.0
608,74.55015134811401,0.7091998090942064,1.8410966031475736e-15,414.81173025956156,414.81173025956156,7.236190793361318e-08,0.0,0.0,2.709420465762946e-09,4.1706121282208963e-10,9.453246228910826e+307,20.0
609,74.7867488861084,0.7091998090942064,1.8410966031475736e-15,414.81173025956156,414.81173025956156,7.236190793361318e-08,0.0,0.0,2.709420465762946e-09,4.1706121282208963e-10,inf,20.0
