[ 0.         -0.05440477 -0.70069547  0.17095452  0.54703007],[ 0.05440477  0.         -0.19174514 -1.28813326 -0.33232689],[ 0.70069547  0.19174514  0.          0.61341272 -0.4959079 ],[-0.17095452  1.28813326 -0.61341272  0.         -0.04471259],[-0.54703007  0.33232689  0.4959079   0.04471259  0.        ]
[ 4.21422144 -2.30812493  0.58715167  0.37530547 -1.40446956],[-2.30812493  2.60693028 -1.99469361  0.10504832  0.77725508],[ 0.58715167 -1.99469361  7.00125268 -0.21283815 -1.23984243],[ 0.37530547  0.10504832 -0.21283815  1.64243727 -0.88202806],[-1.40446956  0.77725508 -1.23984243 -0.88202806  3.52918949]
[ 6.62710224  0.87202467 -1.88879809 -2.18766976 -2.84436291],[ 0.87202467  4.35386177  0.36596919 -1.70116629 -2.92219069],[-1.88879809  0.36596919  4.86541884 -0.72945123 -1.40020967],[-2.18766976 -1.70116629 -0.72945123  5.41524839  0.85514521],[-2.84436291 -2.92219069 -1.40020967  0.85514521  5.54098877]
