[ 0.         -0.44104069 -0.94109115  0.4824238   1.16776616],[ 0.44104069  0.          0.0302608  -1.6402954  -1.34974338],[ 0.94109115 -0.0302608   0.          0.94384599  0.29687197],[-0.4824238   1.6402954  -0.94384599  0.         -0.68630388],[-1.16776616  1.34974338 -0.29687197  0.68630388  0.        ]
[ 3.60134417 -1.00058484 -0.87215658  0.4600278  -1.01631699],"[-1.00058484e+00  1.67808423e+00 -1.63306321e-03  1.10801165e+00
 -2.56123240e-01]","[-8.72156577e-01 -1.63306321e-03  3.45565400e+00 -4.45285518e-01
 -8.11149826e-01]",[ 0.4600278   1.10801165 -0.44528552  2.99077515 -0.87386103],[-1.01631699 -0.25612324 -0.81114983 -0.87386103  5.37952343]
[ 6.34818931  0.06667217 -1.60047066 -1.54966787 -2.64202561],[ 0.06667217  3.79411716 -1.65281834 -0.97813689 -0.80179166],[-1.60047066 -1.65281834  8.25452071 -1.0416043  -2.07241907],[-1.54966787 -0.97813689 -1.0416043   3.27387031  0.79815993],[-2.64202561 -0.80179166 -2.07241907  0.79815993  3.98652776]
