[ 0.         -0.56779644 -0.58372496 -0.5697973   1.05864601],[ 0.56779644  0.          0.34279514 -1.05135046 -1.68063745],[ 0.58372496 -0.34279514  0.          1.37284189 -1.32319412],[ 0.5697973   1.05135046 -1.37284189  0.         -0.51653032],[-1.05864601  1.68063745  1.32319412  0.51653032  0.        ]
[ 5.41080528 -1.6475353  -1.38679499  1.84331549 -2.72578053],[-1.6475353   1.94925401 -0.51815529 -0.25543355 -0.2811197 ],[-1.38679499 -0.51815529  7.74695545 -1.63225588  0.86819018],[ 1.84331549 -0.25543355 -1.63225588  2.2312698  -1.35317896],[-2.72578053 -0.2811197   0.86819018 -1.35317896  4.81698737]
[ 5.73774232  0.247473   -1.03111797 -3.51850632 -1.45805625],[ 0.247473    2.76861803 -0.48547653 -1.12398835 -0.96755633],[-1.03111797 -0.48547653  4.99354025  0.24400797 -2.25690448],[-3.51850632 -1.12398835  0.24400797  5.4881015   0.55757774],[-1.45805625 -0.96755633 -2.25690448  0.55757774  3.74062458]
