[ 0.          0.18005886  0.42667895  0.72942906 -0.6395772 ],[-0.18005886  0.          0.60700034 -1.48513206 -0.35068148],[-0.42667895 -0.60700034  0.         -0.25230485 -0.1154642 ],[-0.72942906  1.48513206  0.25230485  0.         -0.30587067],[0.6395772  0.35068148 0.1154642  0.30587067 0.        ]
[ 27.37895015  -9.79956669 -16.10982858   2.1484858  -10.05473376],[-9.79956669  4.58270735  5.38716001 -0.35244962  3.13796358],[-16.10982858   5.38716001  17.41677346  -1.04341571   5.75978696],[ 2.1484858  -0.35244962 -1.04341571  1.78252131 -1.53640433],[-10.05473376   3.13796358   5.75978696  -1.53640433   5.94022543]
[ 1.71862409  0.53206216  1.40566073 -1.57290732 -1.45911896],[ 0.53206216  4.28699508 -0.50388277 -1.61037083 -2.33212307],[ 1.40566073 -0.50388277  4.06179659 -1.25149144 -2.7320135 ],[-1.57290732 -1.61037083 -1.25149144  4.99085975  0.85482748],[-1.45911896 -2.33212307 -2.7320135   0.85482748  5.15105074]
